4.490000E-02 2.220000E-01 7.331000E-01 0.000000E+00
1.000000E+02 2.752000E+00 2.480000E-01  0   3   2
      1  1.0000E-06  1.0000E+00  1.0242E+04 -1.6719E-06 -2.0127E-01  1.6851E-01 -8.3037E-01 -1.1086E+00 -1.1086E+00  0.0000E+00  2.9511E+02 -1.7207E-14 -2.8203E-09 -3.3951E-09  0.0000E+00  6.4327E-03  6.0707E-02  0.0000E+00 -1.7662E-03
      2  1.0868E-06  1.0000E+00  1.0242E+04 -1.6720E-06 -2.0127E-01  1.6851E-01 -8.3037E-01 -1.1086E+00 -1.1086E+00  0.0000E+00  2.4988E+02 -2.0323E-14 -3.3310E-09 -4.0100E-09  0.0000E+00  6.4319E-03  6.0705E-02  0.0000E+00 -1.7662E-03
      3  1.1811E-06  1.0000E+00  1.0242E+04 -1.6722E-06 -2.0127E-01  1.6851E-01 -8.3037E-01 -1.1086E+00 -1.1086E+00  0.0000E+00  2.1158E+02 -2.4004E-14 -3.9343E-09 -4.7362E-09  0.0000E+00  6.4310E-03  6.0704E-02  0.0000E+00 -1.7662E-03
      4  1.2836E-06  1.0000E+00  1.0242E+04 -1.6723E-06 -2.0127E-01  1.6851E-01 -8.3037E-01 -1.1086E+00 -1.1086E+00  0.0000E+00  1.7915E+02 -2.8351E-14 -4.6468E-09 -5.5939E-09  0.0000E+00  6.4299E-03  6.0703E-02  0.0000E+00 -1.7662E-03
      5  1.3950E-06  1.0000E+00  1.0242E+04 -1.6725E-06 -2.0127E-01  1.6851E-01 -8.3036E-01 -1.1086E+00 -1.1086E+00  0.0000E+00  1.5170E+02 -3.3486E-14 -5.4884E-09 -6.6070E-09  0.0000E+00  6.4286E-03  6.0701E-02  0.0000E+00 -1.7662E-03
      6  1.5161E-06  1.0000E+00  1.0242E+04 -1.6728E-06 -2.0127E-01  1.6851E-01 -8.3036E-01 -1.1086E+00 -1.1086E+00  0.0000E+00  1.2845E+02 -3.9551E-14 -6.4824E-09 -7.8036E-09  0.0000E+00  6.4270E-03  6.0699E-02  0.0000E+00 -1.7662E-03
      7  1.6477E-06  1.0000E+00  1.0242E+04 -1.6730E-06 -2.0127E-01  1.6851E-01 -8.3036E-01 -1.1086E+00 -1.1086E+00  0.0000E+00  1.0877E+02 -4.6714E-14 -7.6564E-09 -9.2169E-09  0.0000E+00  6.4252E-03  6.0696E-02  0.0000E+00 -1.7662E-03
      8  1.7907E-06  1.0000E+00  1.0242E+04 -1.6734E-06 -2.0127E-01  1.6851E-01 -8.3036E-01 -1.1086E+00 -1.1086E+00  0.0000E+00  9.2111E+01 -5.5174E-14 -9.0430E-09 -1.0886E-08  0.0000E+00  6.4230E-03  6.0693E-02  0.0000E+00 -1.7662E-03
      9  1.9461E-06  1.0000E+00  1.0242E+04 -1.6737E-06 -2.0127E-01  1.6851E-01 -8.3036E-01 -1.1086E+00 -1.1086E+00  0.0000E+00  7.8003E+01 -6.5167E-14 -1.0681E-08 -1.2858E-08  0.0000E+00  6.4205E-03  6.0690E-02  0.0000E+00 -1.7662E-03
     10  2.1150E-06  1.0000E+00  1.0242E+04 -1.6742E-06 -2.0127E-01  1.6851E-01 -8.3036E-01 -1.1086E+00 -1.1085E+00  0.0000E+00  6.6059E+01 -7.6969E-14 -1.2615E-08 -1.5186E-08  0.0000E+00  6.4175E-03  6.0686E-02  0.0000E+00 -1.7662E-03
     11  2.2986E-06  1.0000E+00  1.0242E+04 -1.6747E-06 -2.0127E-01  1.6852E-01 -8.3036E-01 -1.1085E+00 -1.1085E+00  0.0000E+00  5.5946E+01 -9.0909E-14 -1.4900E-08 -1.7936E-08  0.0000E+00  6.4140E-03  6.0681E-02  0.0000E+00 -1.7662E-03
     12  2.4980E-06  1.0000E+00  1.0242E+04 -1.6754E-06 -2.0127E-01  1.6852E-01 -8.3036E-01 -1.1085E+00 -1.1085E+00  0.0000E+00  4.7384E+01 -1.0737E-13 -1.7598E-08 -2.1185E-08  0.0000E+00  6.4098E-03  6.0676E-02  0.0000E+00 -1.7662E-03
     13  2.7148E-06  1.0000E+00  1.0242E+04 -1.6761E-06 -2.0127E-01  1.6852E-01 -8.3035E-01 -1.1085E+00 -1.1085E+00  0.0000E+00  4.0135E+01 -1.2682E-13 -2.0785E-08 -2.5021E-08  0.0000E+00  6.4049E-03  6.0669E-02  0.0000E+00 -1.7662E-03
     14  2.9505E-06  1.0000E+00  1.0242E+04 -1.6770E-06 -2.0127E-01  1.6852E-01 -8.3035E-01 -1.1085E+00 -1.1084E+00  0.0000E+00  3.3998E+01 -1.4979E-13 -2.4549E-08 -2.9552E-08  0.0000E+00  6.3990E-03  6.0661E-02  0.0000E+00 -1.7662E-03
     15  3.2065E-06  1.0000E+00  1.0242E+04 -1.6780E-06 -2.0127E-01  1.6853E-01 -8.3035E-01 -1.1084E+00 -1.1084E+00  0.0000E+00  2.8801E+01 -1.7692E-13 -2.8994E-08 -3.4904E-08  0.0000E+00  6.3922E-03  6.0652E-02  0.0000E+00 -1.7662E-03
     16  3.4848E-06  1.0000E+00  1.0242E+04 -1.6792E-06 -2.0127E-01  1.6853E-01 -8.3034E-01 -1.1084E+00 -1.1083E+00  0.0000E+00  2.4402E+01 -2.0896E-13 -3.4245E-08 -4.1224E-08  0.0000E+00  6.3840E-03  6.0641E-02  0.0000E+00 -1.7662E-03
     17  3.7873E-06  1.0000E+00  1.0242E+04 -1.6807E-06 -2.0127E-01  1.6853E-01 -8.3034E-01 -1.1084E+00 -1.1083E+00  0.0000E+00  2.0677E+01 -2.4680E-13 -4.0446E-08 -4.8689E-08  0.0000E+00  6.3744E-03  6.0628E-02  0.0000E+00 -1.7662E-03
     18  4.1160E-06  1.0000E+00  1.0242E+04 -1.6824E-06 -2.0127E-01  1.6854E-01 -8.3033E-01 -1.1083E+00 -1.1082E+00  0.0000E+00  1.7523E+01 -2.9150E-13 -4.7770E-08 -5.7505E-08  0.0000E+00  6.3631E-03  6.0612E-02  0.0000E+00 -1.7662E-03
     19  4.4732E-06  1.0000E+00  1.0242E+04 -1.6844E-06 -2.0127E-01  1.6855E-01 -8.3033E-01 -1.1082E+00 -1.1081E+00  0.0000E+00  1.4853E+01 -3.4430E-13 -5.6419E-08 -6.7918E-08  0.0000E+00  6.3497E-03  6.0594E-02  0.0000E+00 -1.7662E-03
     20  4.8614E-06  1.0000E+00  1.0242E+04 -1.6868E-06 -2.0127E-01  1.6855E-01 -8.3032E-01 -1.1082E+00 -1.1081E+00  0.0000E+00  1.2592E+01 -4.0666E-13 -6.6635E-08 -8.0215E-08  0.0000E+00  6.3339E-03  6.0573E-02  0.0000E+00 -1.7662E-03
     21  5.2833E-06  1.0000E+00  1.0242E+04 -1.6896E-06 -2.0127E-01  1.6856E-01 -8.3031E-01 -1.1081E+00 -1.1079E+00  0.0000E+00  1.0678E+01 -4.8030E-13 -7.8699E-08 -9.4738E-08  0.0000E+00  6.3152E-03  6.0548E-02  0.0000E+00 -1.7662E-03
     22  5.7419E-06  1.0000E+00  1.0242E+04 -1.6930E-06 -2.0127E-01  1.6857E-01 -8.3030E-01 -1.1080E+00 -1.1078E+00  0.0000E+00  9.0575E+00 -5.6729E-13 -9.2947E-08 -1.1189E-07  0.0000E+00  6.2931E-03  6.0518E-02  0.0000E+00 -1.7662E-03
     23  6.2402E-06  1.0000E+00  1.0242E+04 -1.6969E-06 -2.0127E-01  1.6859E-01 -8.3029E-01 -1.1078E+00 -1.1077E+00  0.0000E+00  7.6854E+00 -6.7004E-13 -1.0977E-07 -1.3214E-07  0.0000E+00  6.2670E-03  6.0483E-02  0.0000E+00 -1.7662E-03
     24  6.7818E-06  1.0000E+00  1.0242E+04 -1.7015E-06 -2.0127E-01  1.6860E-01 -8.3027E-01 -1.1077E+00 -1.1075E+00  0.0000E+00  6.5238E+00 -7.9139E-13 -1.2964E-07 -1.5606E-07  0.0000E+00  6.2363E-03  6.0441E-02  0.0000E+00 -1.7662E-03
     25  7.3704E-06  1.0000E+00  1.0242E+04 -1.7070E-06 -2.0127E-01  1.6862E-01 -8.3026E-01 -1.1075E+00 -1.1073E+00  0.0000E+00  5.5402E+00 -9.3472E-13 -1.5311E-07 -1.8431E-07  0.0000E+00  6.1999E-03  6.0392E-02  0.0000E+00 -1.7662E-03
     26  8.0100E-06  1.0000E+00  1.0242E+04 -1.7135E-06 -2.0127E-01  1.6864E-01 -8.3024E-01 -1.1073E+00 -1.1070E+00  0.0000E+00  4.7075E+00 -1.1040E-12 -1.8082E-07 -2.1766E-07  0.0000E+00  6.1570E-03  6.0334E-02  0.0000E+00 -1.7662E-03
     27  8.7052E-06  1.0000E+00  1.0242E+04 -1.7211E-06 -2.0127E-01  1.6866E-01 -8.3021E-01 -1.1070E+00 -1.1067E+00  0.0000E+00  4.0024E+00 -1.3040E-12 -2.1354E-07 -2.5705E-07  0.0000E+00  6.1063E-03  6.0265E-02  0.0000E+00 -1.7662E-03
     28  9.4608E-06  1.0000E+00  1.0242E+04 -1.7302E-06 -2.0127E-01  1.6869E-01 -8.3018E-01 -1.1067E+00 -1.1064E+00  0.0000E+00  3.4055E+00 -1.5401E-12 -2.5217E-07 -3.0355E-07  0.0000E+00  6.0464E-03  6.0185E-02  0.0000E+00 -1.7662E-03
     29  1.0282E-05  1.0000E+00  1.0242E+04 -1.7408E-06 -2.0127E-01  1.6872E-01 -8.3015E-01 -1.1064E+00 -1.1060E+00  0.0000E+00  2.9001E+00 -1.8190E-12 -2.9779E-07 -3.5846E-07  0.0000E+00  5.9757E-03  6.0089E-02  0.0000E+00 -1.7662E-03
     30  1.1174E-05  1.0000E+00  1.0242E+04 -1.7534E-06 -2.0127E-01  1.6876E-01 -8.3011E-01 -1.1060E+00 -1.1055E+00  0.0000E+00  2.4722E+00 -2.1485E-12 -3.5164E-07 -4.2328E-07  0.0000E+00  5.8922E-03  5.9976E-02  0.0000E+00 -1.7662E-03
     31  1.2144E-05  1.0000E+00  1.0242E+04 -1.7683E-06 -2.0127E-01  1.6881E-01 -8.3007E-01 -1.1055E+00 -1.1049E+00  0.0000E+00  2.1099E+00 -2.5376E-12 -4.1522E-07 -4.9980E-07  0.0000E+00  5.7937E-03  5.9843E-02  0.0000E+00 -1.7662E-03
     32  1.3198E-05  1.0000E+00  1.0242E+04 -1.7859E-06 -2.0127E-01  1.6886E-01 -8.3001E-01 -1.1049E+00 -1.1042E+00  0.0000E+00  1.8032E+00 -2.9972E-12 -4.9027E-07 -5.9013E-07  0.0000E+00  5.6773E-03  5.9686E-02  0.0000E+00 -1.7662E-03
     33  1.4343E-05  1.0000E+00  1.0242E+04 -1.8067E-06 -2.0127E-01  1.6893E-01 -8.2995E-01 -1.1042E+00 -1.1034E+00  0.0000E+00  1.5435E+00 -3.5400E-12 -5.7885E-07 -6.9673E-07  0.0000E+00  5.5399E-03  5.9500E-02  0.0000E+00 -1.7662E-03
     34  1.5588E-05  1.0000E+00  1.0242E+04 -1.8312E-06 -2.0127E-01  1.6900E-01 -8.2987E-01 -1.1034E+00 -1.1025E+00  0.0000E+00  1.3236E+00 -4.1812E-12 -6.8339E-07 -8.2255E-07  0.0000E+00  5.3777E-03  5.9281E-02  0.0000E+00 -1.7662E-03
     35  1.6941E-05  1.0000E+00  1.0242E+04 -1.8602E-06 -2.0127E-01  1.6909E-01 -8.2978E-01 -1.1025E+00 -1.1013E+00  0.0000E+00  1.1375E+00 -4.9384E-12 -8.0675E-07 -9.7099E-07  0.0000E+00  5.1862E-03  5.9022E-02  0.0000E+00 -1.7662E-03
     36  1.8411E-05  1.0000E+00  1.0242E+04 -1.8944E-06 -2.0127E-01  1.6920E-01 -8.2967E-01 -1.1014E+00 -1.1000E+00  0.0000E+00  9.7985E-01 -5.8328E-12 -9.5228E-07 -1.1461E-06  0.0000E+00  4.9602E-03  5.8717E-02  0.0000E+00 -1.7662E-03
     37  2.0009E-05  1.0000E+00  1.0242E+04 -1.9348E-06 -2.0127E-01  1.6933E-01 -8.2954E-01 -1.1001E+00 -1.0985E+00  0.0000E+00  8.4641E-01 -6.8892E-12 -1.1240E-06 -1.3527E-06  0.0000E+00  4.6935E-03  5.8357E-02  0.0000E+00 -1.7662E-03
     38  2.1746E-05  1.0000E+00  1.0242E+04 -1.9825E-06 -2.0127E-01  1.6947E-01 -8.2940E-01 -1.0985E+00 -1.0966E+00  0.0000E+00  7.3342E-01 -8.1369E-12 -1.3264E-06 -1.5962E-06  0.0000E+00  4.3789E-03  5.7932E-02  0.0000E+00 -1.7662E-03
     39  2.3633E-05  1.0000E+00  1.0242E+04 -2.0389E-06 -2.0127E-01  1.6965E-01 -8.2922E-01 -1.0967E+00 -1.0945E+00  0.0000E+00  6.3777E-01 -9.6106E-12 -1.5651E-06 -1.8834E-06  0.0000E+00  4.0076E-03  5.7430E-02  0.0000E+00 -1.7661E-03
     40  2.5684E-05  1.0000E+00  1.0242E+04 -2.1055E-06 -2.0127E-01  1.6986E-01 -8.2901E-01 -1.0945E+00 -1.0919E+00  0.0000E+00  5.5677E-01 -1.1351E-11 -1.8463E-06 -2.2217E-06  0.0000E+00  3.5697E-03  5.6839E-02  0.0000E+00 -1.7661E-03
     41  2.7914E-05  1.0000E+00  1.0242E+04 -2.1841E-06 -2.0127E-01  1.7010E-01 -8.2877E-01 -1.0920E+00 -1.0889E+00  0.0000E+00  4.8820E-01 -1.3407E-11 -2.1777E-06 -2.6202E-06  0.0000E+00  3.0533E-03  5.6141E-02  0.0000E+00 -1.7661E-03
     42  3.0336E-05  1.0000E+00  1.0242E+04 -2.2770E-06 -2.0127E-01  1.7039E-01 -8.2848E-01 -1.0890E+00 -1.0853E+00  0.0000E+00  4.3015E-01 -1.5835E-11 -2.5679E-06 -3.0894E-06  0.0000E+00  2.4445E-03  5.5318E-02  0.0000E+00 -1.7661E-03
     43  3.2969E-05  1.0000E+00  1.0242E+04 -2.3867E-06 -2.0127E-01  1.7073E-01 -8.2813E-01 -1.0855E+00 -1.0811E+00  0.0000E+00  3.8099E-01 -1.8703E-11 -3.0271E-06 -3.6415E-06  0.0000E+00  1.7271E-03  5.4349E-02  0.0000E+00 -1.7660E-03
     44  3.5830E-05  1.0000E+00  1.0242E+04 -2.5162E-06 -2.0127E-01  1.7114E-01 -8.2773E-01 -1.0813E+00 -1.0761E+00  0.0000E+00  3.3937E-01 -2.2090E-11 -3.5672E-06 -4.2906E-06  0.0000E+00  8.8195E-04  5.3207E-02  0.0000E+00 -1.7660E-03
     45  3.8940E-05  1.0000E+00  1.0242E+04 -2.6693E-06 -2.0127E-01  1.7161E-01 -8.2725E-01 -1.0764E+00 -1.0703E+00  0.0000E+00  3.0414E-01 -2.6091E-11 -4.2018E-06 -5.0532E-06  0.0000E+00 -1.1314E-04  5.1863E-02  0.0000E+00 -1.7660E-03
     46  4.2320E-05  1.0000E+00  1.0242E+04 -2.8500E-06 -2.0126E-01  1.7218E-01 -8.2668E-01 -1.0706E+00 -1.0634E+00  0.0000E+00  2.7431E-01 -3.0816E-11 -4.9470E-06 -5.9483E-06  0.0000E+00 -1.2841E-03  5.0281E-02  0.0000E+00 -1.7659E-03
     47  4.5993E-05  1.0000E+00  1.0242E+04 -3.0635E-06 -2.0126E-01  1.7284E-01 -8.2602E-01 -1.0637E+00 -1.0553E+00  0.0000E+00  2.4905E-01 -3.6397E-11 -5.8208E-06 -6.9975E-06  0.0000E+00 -2.6612E-03  4.8421E-02  0.0000E+00 -1.7659E-03
     48  4.9984E-05  1.0000E+00  1.0242E+04 -3.3156E-06 -2.0126E-01  1.7363E-01 -8.2523E-01 -1.0557E+00 -1.0458E+00  0.0000E+00  2.2766E-01 -4.2989E-11 -6.8443E-06 -8.2258E-06  0.0000E+00 -4.2792E-03  4.6235E-02  0.0000E+00 -1.7658E-03
     49  5.4322E-05  1.0000E+00  1.0242E+04 -3.6134E-06 -2.0126E-01  1.7455E-01 -8.2430E-01 -1.0463E+00 -1.0346E+00  0.0000E+00  2.0955E-01 -5.0775E-11 -8.0412E-06 -9.6613E-06  0.0000E+00 -6.1787E-03  4.3670E-02  0.0000E+00 -1.7657E-03
     50  5.9037E-05  1.0000E+00  1.0242E+04 -3.9651E-06 -2.0125E-01  1.7565E-01 -8.2320E-01 -1.0352E+00 -1.0214E+00  0.0000E+00  1.9422E-01 -5.9971E-11 -9.4381E-06 -1.1336E-05  0.0000E+00 -8.4061E-03  4.0661E-02  0.0000E+00 -1.7656E-03
     51  6.4161E-05  1.0000E+00  1.0242E+04 -4.3805E-06 -2.0125E-01  1.7694E-01 -8.2190E-01 -1.0221E+00 -1.0060E+00  0.0000E+00  1.8124E-01 -7.0832E-11 -1.1065E-05 -1.3284E-05  0.0000E+00 -1.1014E-02  3.7138E-02  0.0000E+00 -1.7655E-03
     52  6.9729E-05  1.0000E+00  1.0242E+04 -4.8711E-06 -2.0125E-01  1.7847E-01 -8.2037E-01 -1.0068E+00 -9.8788E-01  0.0000E+00  1.7025E-01 -8.3660E-11 -1.2954E-05 -1.5544E-05  0.0000E+00 -1.4064E-02  3.3020E-02  0.0000E+00 -1.7653E-03
     53  7.5781E-05  1.0000E+00  1.0242E+04 -5.4505E-06 -2.0124E-01  1.8028E-01 -8.1855E-01 -9.8894E-01 -9.6670E-01  0.0000E+00  1.6095E-01 -9.8811E-11 -1.5142E-05 -1.8158E-05  0.0000E+00 -1.7622E-02  2.8214E-02  0.0000E+00 -1.7652E-03
     54  8.2358E-05  1.0000E+00  1.0242E+04 -6.1349E-06 -2.0124E-01  1.8241E-01 -8.1641E-01 -9.6801E-01 -9.4194E-01  0.0000E+00  1.5307E-01 -1.1671E-10 -1.7664E-05 -2.1167E-05  0.0000E+00 -2.1766E-02  2.2619E-02  0.0000E+00 -1.7650E-03
     55  8.9506E-05  1.0000E+00  1.0242E+04 -6.9431E-06 -2.0123E-01  1.8493E-01 -8.1389E-01 -9.4358E-01 -9.1308E-01  0.0000E+00  1.4639E-01 -1.3784E-10 -2.0558E-05 -2.4615E-05  0.0000E+00 -2.6576E-02  1.6123E-02  0.0000E+00 -1.7648E-03
     56  9.7274E-05  1.0000E+00  1.0242E+04 -7.8976E-06 -2.0122E-01  1.8790E-01 -8.1090E-01 -9.1512E-01 -8.7949E-01  0.0000E+00  1.4074E-01 -1.6280E-10 -2.3861E-05 -2.8540E-05  0.0000E+00 -3.2144E-02  8.6053E-03  0.0000E+00 -1.7645E-03
     57  1.0572E-04  1.0000E+00  1.0242E+04 -9.0249E-06 -2.0121E-01  1.9141E-01 -8.0738E-01 -8.8205E-01 -8.4053E-01  0.0000E+00  1.3596E-01 -1.9229E-10 -2.7603E-05 -3.2974E-05  0.0000E+00 -3.8564E-02 -6.0640E-05  0.0000E+00 -1.7642E-03
     58  1.1489E-04  1.0000E+00  1.0242E+04 -1.0356E-05 -2.0120E-01  1.9556E-01 -8.0322E-01 -8.4377E-01 -7.9549E-01  0.0000E+00  1.3191E-01 -2.2711E-10 -3.1804E-05 -3.7936E-05  0.0000E+00 -4.5929E-02 -1.0003E-02  0.0000E+00 -1.7638E-03
     59  1.2486E-04  1.0000E+00  1.0242E+04 -1.1929E-05 -2.0119E-01  2.0046E-01 -7.9830E-01 -7.9959E-01 -7.4363E-01  0.0000E+00  1.2847E-01 -2.6823E-10 -3.6468E-05 -4.3421E-05  0.0000E+00 -5.4332E-02 -2.1345E-02  0.0000E+00 -1.7634E-03
     60  1.3570E-04  1.0000E+00  1.0242E+04 -1.3785E-05 -2.0117E-01  2.0624E-01 -7.9249E-01 -7.4885E-01 -6.8420E-01  0.0000E+00  1.2557E-01 -3.1681E-10 -4.1574E-05 -4.9392E-05  0.0000E+00 -6.3853E-02 -3.4192E-02  0.0000E+00 -1.7628E-03
     61  1.4748E-04  1.0000E+00  1.0242E+04 -1.5978E-05 -2.0115E-01  2.1307E-01 -7.8564E-01 -6.9088E-01 -6.1650E-01  0.0000E+00  1.2310E-01 -3.7418E-10 -4.7060E-05 -5.5759E-05  0.0000E+00 -7.4546E-02 -4.8622E-02  0.0000E+00 -1.7622E-03
     62  1.6028E-04  1.0000E+00  1.0242E+04 -1.8567E-05 -2.0113E-01  2.2114E-01 -7.7754E-01 -6.2507E-01 -5.3993E-01  0.0000E+00  1.2101E-01 -4.4193E-10 -5.2809E-05 -6.2362E-05  0.0000E+00 -8.6431E-02 -6.4656E-02  0.0000E+00 -1.7615E-03
     63  1.7419E-04  1.0000E+00  1.0242E+04 -2.1625E-05 -2.0111E-01  2.3066E-01 -7.6798E-01 -5.5096E-01 -4.5407E-01  0.0000E+00  1.1924E-01 -5.2195E-10 -5.8627E-05 -6.8945E-05  0.0000E+00 -9.9464E-02 -8.2237E-02  0.0000E+00 -1.7606E-03
     64  1.8930E-04  1.0000E+00  1.0242E+04 -2.5235E-05 -2.0108E-01  2.4191E-01 -7.5669E-01 -4.6827E-01 -3.5881E-01  0.0000E+00  1.1774E-01 -6.1646E-10 -6.4217E-05 -7.5120E-05  0.0000E+00 -1.1351E-01 -1.0119E-01  0.0000E+00 -1.7596E-03
     65  2.0573E-04  1.0000E+00  1.0242E+04 -2.9498E-05 -2.0104E-01  2.5519E-01 -7.4335E-01 -3.7711E-01 -2.5451E-01  0.0000E+00  1.1646E-01 -7.2807E-10 -6.9148E-05 -8.0339E-05  0.0000E+00 -1.2833E-01 -1.2117E-01  0.0000E+00 -1.7584E-03
     66  2.2359E-04  1.0000E+00  1.0242E+04 -3.4530E-05 -2.0100E-01  2.7088E-01 -7.2761E-01 -2.7806E-01 -1.4218E-01  0.0000E+00  1.1537E-01 -8.5988E-10 -7.2827E-05 -8.3853E-05  0.0000E+00 -1.4348E-01 -1.4163E-01  0.0000E+00 -1.7570E-03
     67  2.4299E-04  1.0000E+00  1.0242E+04 -4.0472E-05 -2.0095E-01  2.8940E-01 -7.0903E-01 -1.7238E-01 -2.3702E-02  0.0000E+00  1.1444E-01 -1.0155E-09 -7.4467E-05 -8.4684E-05  0.0000E+00 -1.5835E-01 -1.6172E-01  0.0000E+00 -1.7553E-03
     68  2.6408E-04  1.0000E+00  1.0242E+04 -4.7486E-05 -2.0090E-01  3.1126E-01 -6.8708E-01 -6.2233E-02  9.7890E-02  0.0000E+00  1.1365E-01 -1.1994E-09 -7.3071E-05 -8.1613E-05  0.0000E+00 -1.7204E-01 -1.8027E-01  0.0000E+00 -1.7533E-03
     69  2.8700E-04  1.0000E+00  1.0242E+04 -5.5766E-05 -2.0083E-01  3.3707E-01 -6.6117E-01  4.9107E-02  2.1819E-01  0.0000E+00  1.1297E-01 -1.4165E-09 -6.7444E-05 -7.3209E-05  0.0000E+00 -1.8336E-01 -1.9571E-01  0.0000E+00 -1.7510E-03
     70  3.1191E-04  1.0000E+00  1.0242E+04 -6.5539E-05 -2.0076E-01  3.6753E-01 -6.3059E-01  1.5708E-01  3.3124E-01  0.0000E+00  1.1239E-01 -1.6728E-09 -5.6243E-05 -5.7910E-05  0.0000E+00 -1.9082E-01 -2.0608E-01  0.0000E+00 -1.7482E-03
     71  3.3898E-04  1.0000E+00  1.0242E+04 -7.7073E-05 -2.0067E-01  4.0350E-01 -5.9450E-01  2.5577E-01  4.2950E-01  0.0000E+00  1.1188E-01 -1.9755E-09 -3.8109E-05 -3.4220E-05  0.0000E+00 -1.9262E-01 -2.0907E-01  0.0000E+00 -1.7449E-03
     72  3.6840E-04  1.0000E+00  1.0242E+04 -9.0683E-05 -2.0057E-01  4.4594E-01 -5.5189E-01  3.3802E-01  5.0411E-01  0.0000E+00  1.1144E-01 -2.3330E-09 -1.1900E-05 -1.0220E-06  0.0000E+00 -1.8684E-01 -2.0224E-01  0.0000E+00 -1.7411E-03
     73  4.0038E-04  1.0000E+00  1.0242E+04 -1.0674E-04 -2.0046E-01  4.9602E-01 -5.0162E-01  3.9589E-01  5.4560E-01  0.0000E+00  1.1106E-01 -2.7551E-09  2.2945E-05  4.1930E-05  0.0000E+00 -1.7161E-01 -1.8327E-01  0.0000E+00 -1.7365E-03
     74  4.3513E-04  1.0000E+00  1.0242E+04 -1.2569E-04 -2.0033E-01  5.5512E-01 -4.4230E-01  4.2162E-01  5.4528E-01  0.0000E+00  1.1071E-01 -3.2534E-09  6.5907E-05  9.3374E-05  0.0000E+00 -1.4557E-01 -1.5063E-01  0.0000E+00 -1.7312E-03
     75  4.7289E-04  1.0000E+00  1.0242E+04 -1.4804E-04 -2.0018E-01  6.2485E-01 -3.7231E-01  4.0918E-01  4.9733E-01  0.0000E+00  1.1040E-01 -3.8417E-09  1.1481E-04  1.4985E-04  0.0000E+00 -1.0841E-01 -1.0425E-01  0.0000E+00 -1.7249E-03
     76  5.1393E-04  1.0000E+00  1.0242E+04 -1.7440E-04 -2.0001E-01  7.0709E-01 -2.8976E-01  3.5645E-01  4.0165E-01  0.0000E+00  1.1011E-01 -4.5363E-09  1.6535E-04  2.0516E-04  0.0000E+00 -6.1648E-02 -4.6571E-02  0.0000E+00 -1.7174E-03
     77  5.5853E-04  1.0000E+00  1.0242E+04 -2.0548E-04 -1.9982E-01  8.0409E-01 -1.9239E-01  2.6777E-01  2.6701E-01  0.0000E+00  1.0984E-01 -5.3563E-09  2.1097E-04  2.5052E-04  0.0000E+00 -9.3177E-03  1.6619E-02  0.0000E+00 -1.7086E-03
     78  6.0701E-04  1.0000E+00  1.0242E+04 -2.4213E-04 -1.9961E-01  9.1846E-01 -7.7591E-02  1.5608E-01  1.1338E-01  0.0000E+00  1.0959E-01 -6.3242E-09  2.4372E-04  2.7590E-04  0.0000E+00  4.1595E-02  7.5779E-02  0.0000E+00 -1.6982E-03
     79  6.5969E-04  1.0000E+00  1.0242E+04 -2.8532E-04 -1.9937E-01  1.0533E+00  5.7751E-02  4.3525E-02 -2.8273E-02  0.0000E+00  1.0934E-01 -7.4665E-09  2.5645E-04  2.7330E-04  0.0000E+00  8.1586E-02  1.1844E-01  0.0000E+00 -1.6859E-03
     80  7.1695E-04  1.0000E+00  1.0242E+04 -3.3624E-04 -1.9910E-01  1.2122E+00  2.1727E-01 -4.1462E-02 -1.2101E-01  0.0000E+00  1.0910E-01 -8.8147E-09  2.4678E-04  2.4210E-04  0.0000E+00  1.0049E-01  1.3198E-01  0.0000E+00 -1.6715E-03
     81  7.7917E-04  1.0000E+00  1.0242E+04 -3.9622E-04 -1.9880E-01  1.3995E+00  4.0524E-01 -7.2061E-02 -1.3359E-01  0.0000E+00  1.0885E-01 -1.0406E-08  2.2192E-04  1.9508E-04  0.0000E+00  9.1165E-02  1.0878E-01  0.0000E+00 -1.6545E-03
     82  8.4679E-04  1.0000E+00  1.0242E+04 -4.6689E-04 -1.9847E-01  1.6200E+00  6.2667E-01 -3.5754E-02 -5.7683E-02  0.0000E+00  1.0859E-01 -1.2283E-08  2.0187E-04  1.6143E-04  0.0000E+00  5.4444E-02  5.2734E-02  0.0000E+00 -1.6344E-03
     83  9.2029E-04  1.0000E+00  1.0242E+04 -5.5012E-04 -1.9811E-01  1.8798E+00  8.8745E-01  5.2409E-02  7.6341E-02  0.0000E+00  1.0833E-01 -1.4497E-08  2.1648E-04  1.8041E-04  0.0000E+00  3.2450E-03 -1.6168E-02  0.0000E+00 -1.6108E-03
     84  1.0002E-03  1.0000E+00  1.0242E+04 -6.4810E-04 -1.9770E-01  2.1857E+00  1.1945E+00  1.4568E-01  1.9851E-01  0.0000E+00  1.0806E-01 -1.7109E-08  2.9159E-04  2.8064E-04  0.0000E+00 -3.8408E-02 -6.4863E-02  0.0000E+00 -1.5829E-03
     85  1.0870E-03  1.0000E+00  1.0242E+04 -7.6343E-04 -1.9725E-01  2.5457E+00  1.5558E+00  1.8274E-01  2.2856E-01  0.0000E+00  1.0777E-01 -2.0189E-08  4.2604E-04  4.4955E-04  0.0000E+00 -4.5592E-02 -6.2890E-02  0.0000E+00 -1.5502E-03
     86  1.1813E-03  1.0000E+00  1.0242E+04 -8.9911E-04 -1.9675E-01  2.9692E+00  1.9810E+00  1.2903E-01  1.3469E-01  0.0000E+00  1.0746E-01 -2.3820E-08  5.7512E-04  6.1707E-04  0.0000E+00 -1.1128E-02 -7.7136E-03  0.0000E+00 -1.5116E-03
     87  1.2838E-03  1.0000E+00  1.0242E+04 -1.0587E-03 -1.9621E-01  3.4673E+00  2.4810E+00  1.9579E-02 -1.5752E-02  0.0000E+00  1.0713E-01 -2.8101E-08  6.6954E-04  6.9225E-04  0.0000E+00  3.9639E-02  5.9218E-02  0.0000E+00 -1.4662E-03
     88  1.3952E-03  1.0000E+00  1.0242E+04 -1.2463E-03 -1.9560E-01  4.0529E+00  3.0689E+00 -4.8254E-02 -8.4546E-02  0.0000E+00  1.0677E-01 -3.3144E-08  6.8425E-04  6.6187E-04  0.0000E+00  5.9855E-02  7.4928E-02  0.0000E+00 -1.4128E-03
     89  1.5163E-03  1.0000E+00  1.0242E+04 -1.4667E-03 -1.9494E-01  4.7410E+00  3.7596E+00 -5.6113E-03 -1.8000E-04  0.0000E+00  1.0639E-01 -3.9084E-08  7.0350E-04  6.6183E-04  0.0000E+00  2.6716E-02  2.0436E-02  0.0000E+00 -1.3501E-03
     90  1.6479E-03  1.0000E+00  1.0242E+04 -1.7256E-03 -1.9422E-01  5.5491E+00  4.5710E+00  8.3470E-02  1.1833E-01  0.0000E+00  1.0598E-01 -4.6079E-08  8.6096E-04  8.6001E-04  0.0000E+00 -1.8345E-02 -3.5336E-02  0.0000E+00 -1.2764E-03
     91  1.7910E-03  1.0000E+00  1.0242E+04 -2.0295E-03 -1.9343E-01  6.4979E+00  5.5234E+00  7.5385E-02  8.1632E-02  0.0000E+00  1.0553E-01 -5.4310E-08  1.1386E-03  1.1814E-03  0.0000E+00 -9.4845E-03 -9.8408E-03  0.0000E+00 -1.1898E-03
     92  1.9464E-03  1.0000E+00  1.0242E+04 -2.3861E-03 -1.9257E-01  7.6110E+00  6.6409E+00 -2.4658E-02 -5.4208E-02  0.0000E+00  1.0505E-01 -6.3992E-08  1.3253E-03  1.3306E-03  0.0000E+00  3.6790E-02  5.1546E-02  0.0000E+00 -1.0882E-03
     93  2.1153E-03  1.0000E+00  1.0242E+04 -2.8043E-03 -1.9164E-01  8.9163E+00  7.9514E+00 -3.1088E-02 -3.1549E-02  0.0000E+00  1.0453E-01 -7.5374E-08  1.3972E-03  1.3533E-03  0.0000E+00  2.9904E-02  2.8153E-02  0.0000E+00 -9.6893E-04
     94  2.2989E-03  1.0000E+00  1.0242E+04 -3.2944E-03 -1.9062E-01  1.0446E+01  9.4872E+00  5.0566E-02  7.5327E-02  0.0000E+00  1.0396E-01 -8.8743E-08  1.6735E-03  1.6883E-03  0.0000E+00 -1.2538E-02 -2.4181E-02  0.0000E+00 -8.2916E-04
     95  2.4984E-03  1.0000E+00  1.0242E+04 -3.8683E-03 -1.8953E-01  1.2238E+01  1.1286E+01  1.3526E-03 -1.5368E-02  0.0000E+00  1.0336E-01 -1.0443E-07  2.0923E-03  2.1234E-03  0.0000E+00  1.3369E-02  2.2630E-02  0.0000E+00 -6.6539E-04
     96  2.7153E-03  1.0000E+00  1.0242E+04 -4.5401E-03 -1.8834E-01  1.4335E+01  1.3391E+01 -4.3437E-02 -4.6788E-02  0.0000E+00  1.0270E-01 -1.2283E-07  2.2886E-03  2.2433E-03  0.0000E+00  2.8570E-02  2.8996E-02  0.0000E+00 -4.7364E-04
     97  2.9509E-03  1.0000E+00  1.0242E+04 -5.3257E-03 -1.8707E-01  1.6787E+01  1.5853E+01  2.8786E-02  4.4851E-02  0.0000E+00  1.0200E-01 -1.4438E-07  2.7172E-03  2.7481E-03  0.0000E+00 -9.3153E-03 -1.6571E-02  0.0000E+00 -2.4928E-04
     98  3.2070E-03  1.0000E+00  1.0242E+04 -6.2440E-03 -1.8570E-01  1.9653E+01  1.8731E+01 -4.0656E-02 -5.9920E-02  0.0000E+00  1.0125E-01 -1.6959E-07  3.2523E-03  3.2423E-03  0.0000E+00  2.4291E-02  3.3664E-02  0.0000E+00  1.3031E-05
     99  3.4854E-03  1.0000E+00  1.0242E+04 -7.3162E-03 -1.8423E-01  2.3000E+01  2.2092E+01 -3.4164E-03  1.4844E-02  0.0000E+00  1.0045E-01 -1.9902E-07  3.6534E-03  3.6498E-03  0.0000E+00  8.1752E-04 -8.3209E-03  0.0000E+00  3.1948E-04
    100  3.7879E-03  1.0000E+00  1.0242E+04 -8.5674E-03 -1.8266E-01  2.6906E+01  2.6013E+01 -3.2529E-02 -4.9600E-02  0.0000E+00  9.9590E-02 -2.3334E-07  4.4354E-03  4.4411E-03  0.0000E+00  1.5441E-02  2.4016E-02  0.0000E+00  6.7718E-04
    101  4.1166E-03  1.0000E+00  1.0242E+04 -1.0026E-02 -1.8099E-01  3.1459E+01  3.0585E+01 -1.0512E-02  5.6669E-03  0.0000E+00  9.8674E-02 -2.7326E-07  5.0148E-03  5.0204E-03  0.0000E+00  3.7825E-04 -7.6150E-03  0.0000E+00  1.0943E-03
    102  4.4739E-03  1.0000E+00  1.0242E+04 -1.1725E-02 -1.7920E-01  3.6761E+01  3.5909E+01 -4.8514E-02 -6.1096E-02  0.0000E+00  9.7699E-02 -3.1958E-07  5.9793E-03  5.9490E-03  0.0000E+00  1.8691E-02  2.4661E-02  0.0000E+00  1.5804E-03
    103  4.8622E-03  1.0000E+00  1.0242E+04 -1.3701E-02 -1.7731E-01  4.2931E+01  4.2104E+01 -7.8724E-03 -6.0686E-03  0.0000E+00  9.6663E-02 -3.7316E-07  6.9439E-03  6.9964E-03  0.0000E+00 -3.6891E-03 -4.1464E-03  0.0000E+00  2.1462E-03
    104  5.2842E-03  1.0000E+00  1.0242E+04 -1.5999E-02 -1.7529E-01  5.0103E+01  4.9304E+01 -3.7099E-02 -2.5108E-02  0.0000E+00  9.5563E-02 -4.3491E-07  7.9946E-03  7.9687E-03  0.0000E+00  8.5654E-03  2.3986E-03  0.0000E+00  2.8040E-03
    105  5.7428E-03  1.0000E+00  1.0242E+04 -1.8666E-02 -1.7316E-01  5.8428E+01  5.7662E+01 -5.1796E-02 -5.8407E-02  0.0000E+00  9.4397E-02 -5.0579E-07  9.4319E-03  9.3827E-03  0.0000E+00  1.5145E-02  1.8149E-02  0.0000E+00  3.5679E-03
    106  6.2412E-03  1.0000E+00  1.0242E+04 -2.1758E-02 -1.7089E-01  6.8080E+01  6.7353E+01 -3.5786E-02 -4.8170E-02  0.0000E+00  9.3162E-02 -5.8671E-07  1.1033E-02  1.1040E-02  0.0000E+00  6.0688E-03  1.2288E-02  0.0000E+00  4.4540E-03
    107  6.7829E-03  1.0000E+00  1.0242E+04 -2.5338E-02 -1.6850E-01  7.9255E+01  7.8572E+01 -2.6129E-02 -3.3762E-02  0.0000E+00  9.1855E-02 -6.7849E-07  1.2798E-02  1.2845E-02  0.0000E+00 -1.1237E-04  3.8984E-03  0.0000E+00  5.4802E-03
    108  7.3715E-03  1.0000E+00  1.0242E+04 -2.9476E-02 -1.6596E-01  9.2173E+01  9.1541E+01 -2.5798E-02 -3.0580E-02  0.0000E+00  9.0472E-02 -7.8179E-07  1.4845E-02  1.4903E-02  0.0000E+00 -1.4386E-03  1.1586E-03  0.0000E+00  6.6670E-03
    109  8.0113E-03  1.0000E+00  1.0242E+04 -3.4251E-02 -1.6328E-01  1.0708E+02  1.0650E+02 -2.9067E-02 -3.6082E-02  0.0000E+00  8.9008E-02 -8.9689E-07  1.7245E-02  1.7295E-02  0.0000E+00 -6.9499E-04  2.9657E-03  0.0000E+00  8.0370E-03
    110  8.7066E-03  1.0000E+00  1.0242E+04 -3.9750E-02 -1.6044E-01  1.2425E+02  1.2373E+02 -3.7684E-02 -4.8364E-02  0.0000E+00  8.7458E-02 -1.0235E-06  2.0024E-02  2.0028E-02  0.0000E+00  2.8932E-03  8.2390E-03  0.0000E+00  9.6153E-03
    111  9.4622E-03  1.0000E+00  1.0242E+04 -4.6068E-02 -1.5743E-01  1.4397E+02  1.4352E+02 -5.0404E-02 -5.2485E-02  0.0000E+00  8.5816E-02 -1.1606E-06  2.3141E-02  2.3069E-02  0.0000E+00  8.4805E-03  9.3612E-03  0.0000E+00  1.1430E-02
    112  1.0283E-02  1.0000E+00  1.0242E+04 -5.3307E-02 -1.5423E-01  1.6657E+02  1.6620E+02 -4.1453E-02 -3.1894E-02  0.0000E+00  8.4074E-02 -1.3059E-06  2.6655E-02  2.6680E-02  0.0000E+00  3.2677E-03 -1.4617E-03  0.0000E+00  1.3510E-02
    113  1.1176E-02  1.0000E+00  1.0242E+04 -6.1577E-02 -1.5084E-01  1.9238E+02  1.9210E+02 -3.7927E-02 -4.7761E-02  0.0000E+00  8.2225E-02 -1.4552E-06  3.0931E-02  3.0930E-02  0.0000E+00  1.3446E-03  6.2579E-03  0.0000E+00  1.5887E-02
    114  1.2146E-02  1.0000E+00  1.0242E+04 -7.0989E-02 -1.4723E-01  2.2177E+02  2.2157E+02 -4.1952E-02 -3.3365E-02  0.0000E+00  8.0258E-02 -1.6020E-06  3.5496E-02  3.5536E-02  0.0000E+00  2.8611E-03 -1.3777E-03  0.0000E+00  1.8595E-02
    115  1.3200E-02  1.0000E+00  1.0242E+04 -8.1656E-02 -1.4339E-01  2.5508E+02  2.5495E+02 -4.8155E-02 -4.6220E-02  0.0000E+00  7.8161E-02 -1.7367E-06  4.0932E-02  4.0841E-02  0.0000E+00  5.9195E-03  4.8496E-03  0.0000E+00  2.1666E-02
    116  1.4346E-02  1.0000E+00  1.0242E+04 -9.3685E-02 -1.3928E-01  2.9264E+02  2.9259E+02 -4.2075E-02 -4.7983E-02  0.0000E+00  7.5925E-02 -1.8452E-06  4.6990E-02  4.6914E-02  0.0000E+00  2.8581E-03  5.7379E-03  0.0000E+00  2.5133E-02
    117  1.5591E-02  1.0000E+00  1.0242E+04 -1.0717E-01 -1.3490E-01  3.3475E+02  3.3477E+02 -4.1396E-02 -4.6459E-02  0.0000E+00  7.3536E-02 -1.9082E-06  5.3734E-02  5.3647E-02  0.0000E+00  2.5622E-03  5.0223E-03  0.0000E+00  2.9023E-02
    118  1.6944E-02  1.0000E+00  1.0242E+04 -1.2219E-01 -1.3022E-01  3.8165E+02  3.8171E+02 -4.5096E-02 -4.0228E-02  0.0000E+00  7.0984E-02 -1.8995E-06  6.1193E-02  6.1101E-02  0.0000E+00  4.5357E-03  2.0386E-03  0.0000E+00  3.3361E-02
    119  1.8414E-02  1.0000E+00  1.0242E+04 -1.3878E-01 -1.2522E-01  4.3347E+02  4.3353E+02 -3.6806E-02 -3.5337E-02  0.0000E+00  6.8258E-02 -1.7856E-06  6.9396E-02  6.9511E-02  0.0000E+00  6.0854E-04 -7.9383E-05  0.0000E+00  3.8160E-02
    120  2.0013E-02  1.0000E+00  1.0242E+04 -1.5693E-01 -1.1989E-01  4.9018E+02  4.9019E+02 -3.9784E-02 -3.9265E-02  0.0000E+00  6.5352E-02 -1.5241E-06  7.8589E-02  7.8480E-02  0.0000E+00  3.4340E-03  1.4748E-03  0.0000E+00  4.3421E-02
    121  2.1749E-02  1.0000E+00  1.0242E+04 -1.7659E-01 -1.1422E-01  5.5160E+02  5.5148E+02 -3.7366E-02 -4.0362E-02  0.0000E+00  6.2261E-02 -1.0648E-06  8.8439E-02  8.8357E-02  0.0000E+00 -4.6165E-04  2.8825E-03  0.0000E+00  4.9129E-02
    122  2.3637E-02  1.0000E+00  1.0242E+04 -1.9761E-01 -1.0822E-01  6.1731E+02  6.1697E+02 -3.1588E-02 -3.6544E-02  0.0000E+00  5.8991E-02 -3.5093E-07  9.8920E-02  9.8839E-02  0.0000E+00  3.7142E-04  2.2022E-03  0.0000E+00  5.5252E-02
    123  2.5688E-02  1.0000E+00  1.0242E+04 -2.1980E-01 -1.0191E-01  6.8669E+02  6.8600E+02 -3.7140E-02 -3.0162E-02  0.0000E+00  5.5554E-02  6.7576E-07  1.0996E-01  1.0996E-01  0.0000E+00  2.6917E-03 -4.1213E-04  0.0000E+00  6.1733E-02
    124  2.7918E-02  1.0000E+00  1.0242E+04 -2.4289E-01 -9.5350E-02  7.5888E+02  7.5769E+02 -2.5869E-02 -3.3148E-02  0.0000E+00  5.1975E-02  2.0668E-06  1.2156E-01  1.2150E-01  0.0000E+00 -8.9134E-04  1.8117E-03  0.0000E+00  6.8500E-02
    125  3.0341E-02  1.0000E+00  1.0242E+04 -2.6657E-01 -8.8599E-02  8.3296E+02  8.3109E+02 -2.5238E-02 -3.1156E-02  0.0000E+00  4.8296E-02  3.8534E-06  1.3331E-01  1.3335E-01  0.0000E+00 -7.8083E-04  1.7010E-03  0.0000E+00  7.5470E-02
    126  3.2974E-02  1.0000E+00  1.0242E+04 -2.9056E-01 -8.1763E-02  9.0803E+02  9.0531E+02 -2.4824E-02 -2.6353E-02  0.0000E+00  4.4569E-02  6.0268E-06  1.4543E-01  1.4532E-01  0.0000E+00 -2.1725E-04  1.9115E-04  0.0000E+00  8.2563E-02
    127  3.5836E-02  1.0000E+00  1.0242E+04 -3.1469E-01 -7.4975E-02  9.8357E+02  9.7983E+02 -2.4157E-02 -2.6638E-02  0.0000E+00  4.0869E-02  8.5146E-06  1.5735E-01  1.5743E-01  0.0000E+00  2.5569E-04  1.3043E-03  0.0000E+00  8.9730E-02
    128  3.8946E-02  1.0000E+00  1.0242E+04 -3.3903E-01 -6.8388E-02  1.0598E+03  1.0549E+03 -2.1840E-02 -2.4372E-02  0.0000E+00  3.7279E-02  1.1156E-05  1.6956E-01  1.6958E-01  0.0000E+00  2.4597E-04  1.0353E-03  0.0000E+00  9.6987E-02
    129  4.2326E-02  1.0000E+00  1.0242E+04 -3.6402E-01 -6.2170E-02  1.1380E+03  1.1320E+03 -2.2334E-02 -2.0443E-02  0.0000E+00  3.3889E-02  1.3686E-05  1.8209E-01  1.8210E-01  0.0000E+00 -2.5655E-04 -2.2682E-04  0.0000E+00  1.0445E-01
    130  4.6000E-02  1.0000E+00  1.0242E+04 -3.9057E-01 -5.6476E-02  1.2211E+03  1.2141E+03 -1.6806E-02 -1.8053E-02  0.0000E+00  3.0785E-02  1.5747E-05  1.9540E-01  1.9538E-01  0.0000E+00 -1.0375E-04 -1.4579E-04  0.0000E+00  1.1236E-01
    131  4.9992E-02  1.0000E+00  1.0242E+04 -4.2003E-01 -5.1423E-02  1.3133E+03  1.3055E+03 -1.8388E-02 -1.8195E-02  0.0000E+00  2.8031E-02  1.6940E-05  2.1008E-01  2.1009E-01  0.0000E+00  5.2206E-04  6.7865E-04  0.0000E+00  1.2109E-01
    132  5.4331E-02  1.0000E+00  1.0242E+04 -4.5397E-01 -4.7056E-02  1.4194E+03  1.4112E+03 -1.6464E-02 -1.6641E-02  0.0000E+00  2.5650E-02  1.6949E-05  2.2709E-01  2.2705E-01  0.0000E+00  5.8370E-04  5.2170E-04  0.0000E+00  1.3107E-01
    133  5.9046E-02  1.0000E+00  1.0242E+04 -4.9364E-01 -4.3321E-02  1.5433E+03  1.5352E+03 -1.5154E-02 -1.5044E-02  0.0000E+00  2.3614E-02  1.5724E-05  2.4692E-01  2.4694E-01  0.0000E+00  1.9429E-04  3.0083E-04  0.0000E+00  1.4264E-01
    134  6.4171E-02  1.0000E+00  1.0242E+04 -5.3915E-01 -4.0060E-02  1.6854E+03  1.6777E+03 -1.3595E-02 -1.4252E-02  0.0000E+00  2.1837E-02  1.3679E-05  2.6967E-01  2.6965E-01  0.0000E+00  3.7661E-04  3.2616E-04  0.0000E+00  1.5586E-01
    135  6.9740E-02  1.0000E+00  1.0242E+04 -5.8878E-01 -3.7039E-02  1.8403E+03  1.8332E+03 -1.2574E-02 -1.2727E-02  0.0000E+00  2.0190E-02  1.1789E-05  2.9449E-01  2.9447E-01  0.0000E+00  1.6712E-04  2.0281E-04  0.0000E+00  1.7025E-01
    136  7.5793E-02  1.0000E+00  1.0242E+04 -6.3881E-01 -3.4025E-02  1.9966E+03  1.9895E+03 -1.1345E-02 -1.2062E-02  0.0000E+00  1.8547E-02  1.1393E-05  3.1956E-01  3.1950E-01  0.0000E+00  2.1944E-05  3.1921E-04  0.0000E+00  1.8482E-01
    137  8.2371E-02  1.0000E+00  1.0242E+04 -6.8481E-01 -3.0882E-02  2.1404E+03  2.1325E+03 -1.0510E-02 -1.0850E-02  0.0000E+00  1.6834E-02  1.3569E-05  3.4254E-01  3.4253E-01  0.0000E+00  2.3419E-04  1.8807E-04  0.0000E+00  1.9835E-01
    138  8.9520E-02  1.0000E+00  1.0242E+04 -7.2448E-01 -2.7661E-02  2.2646E+03  2.2550E+03 -9.6829E-03 -9.1738E-03  0.0000E+00  1.5078E-02  1.8206E-05  3.6241E-01  3.6236E-01  0.0000E+00  1.9620E-04 -1.0954E-05  0.0000E+00  2.1018E-01
    139  9.7289E-02  1.0000E+00  1.0242E+04 -7.6070E-01 -2.4590E-02  2.3781E+03  2.3664E+03 -8.7048E-03 -8.6148E-03  0.0000E+00  1.3404E-02  2.3400E-05  3.8043E-01  3.8046E-01  0.0000E+00  8.3109E-05  1.8598E-04  0.0000E+00  2.2108E-01
    140  1.0573E-01  1.0000E+00  1.0242E+04 -8.0161E-01 -2.1939E-02  2.5061E+03  2.4930E+03 -7.3281E-03 -7.8583E-03  0.0000E+00  1.1959E-02  2.6171E-05  4.0093E-01  4.0094E-01  0.0000E+00  7.1409E-05  1.5199E-04  0.0000E+00  2.3326E-01
    141  1.1491E-01  1.0000E+00  1.0242E+04 -8.5480E-01 -1.9808E-02  2.6722E+03  2.6592E+03 -6.3979E-03 -6.8660E-03  0.0000E+00  1.0797E-02  2.4908E-05  4.2755E-01  4.2755E-01  0.0000E+00  1.3948E-05  1.3247E-04  0.0000E+00  2.4881E-01
    142  1.2488E-01  1.0000E+00  1.0242E+04 -9.1819E-01 -1.8014E-02  2.8701E+03  2.8578E+03 -6.1248E-03 -6.2488E-03  0.0000E+00  9.8194E-03  2.1843E-05  4.5924E-01  4.5923E-01  0.0000E+00 -4.3955E-06  1.5201E-04  0.0000E+00  2.6719E-01
    143  1.3572E-01  1.0000E+00  1.0242E+04 -9.7839E-01 -1.6252E-02  3.0582E+03  3.0458E+03 -5.5107E-03 -5.6293E-03  0.0000E+00  8.8588E-03  2.1921E-05  4.8933E-01  4.8936E-01  0.0000E+00  5.4702E-05  7.2616E-05  0.0000E+00  2.8477E-01
    144  1.4750E-01  1.0000E+00  1.0242E+04 -1.0255E+00 -1.4422E-02  3.2055E+03  3.1913E+03 -4.9018E-03 -5.1399E-03  0.0000E+00  7.8613E-03  2.6879E-05  5.1290E-01  5.1290E-01  0.0000E+00  1.3704E-04  1.0337E-04  0.0000E+00  2.9880E-01
    145  1.6030E-01  1.0000E+00  1.0242E+04 -1.0699E+00 -1.2739E-02  3.3446E+03  3.3284E+03 -4.1683E-03 -4.4264E-03  0.0000E+00  6.9442E-03  3.1409E-05  5.3512E-01  5.3512E-01  0.0000E+00  3.2722E-05  8.4761E-05  0.0000E+00  3.1209E-01
    146  1.7421E-01  1.0000E+00  1.0242E+04 -1.1297E+00 -1.1389E-02  3.5315E+03  3.5152E+03 -3.8573E-03 -3.9022E-03  0.0000E+00  6.2082E-03  3.0410E-05  5.6502E-01  5.6504E-01  0.0000E+00  5.4462E-05  3.8947E-06  0.0000E+00  3.2960E-01
    147  1.8933E-01  1.0000E+00  1.0242E+04 -1.1970E+00 -1.0217E-02  3.7416E+03  3.7256E+03 -3.5804E-03 -3.5970E-03  0.0000E+00  5.5692E-03  2.8855E-05  5.9869E-01  5.9867E-01  0.0000E+00  2.9801E-05  5.4842E-05  0.0000E+00  3.4918E-01
    148  2.0577E-01  1.0000E+00  1.0242E+04 -1.2502E+00 -9.0348E-03  3.9081E+03  3.8905E+03 -2.8630E-03 -3.1825E-03  0.0000E+00  4.9248E-03  3.2876E-05  6.2529E-01  6.2530E-01  0.0000E+00  5.2727E-05  5.7929E-05  0.0000E+00  3.6496E-01
    149  2.2362E-01  1.0000E+00  1.0242E+04 -1.3028E+00 -7.9709E-03  4.0725E+03  4.0535E+03 -2.7656E-03 -2.7976E-03  0.0000E+00  4.3450E-03  3.5794E-05  6.5158E-01  6.5158E-01  0.0000E+00  3.5354E-05  5.3195E-05  0.0000E+00  3.8054E-01
    150  2.4303E-01  1.0000E+00  1.0242E+04 -1.3697E+00 -7.0955E-03  4.2816E+03  4.2627E+03 -2.4559E-03 -2.4497E-03  0.0000E+00  3.8677E-03  3.4559E-05  6.8506E-01  6.8507E-01  0.0000E+00  3.0452E-05  1.7049E-05  0.0000E+00  4.0008E-01
    151  2.6413E-01  1.0000E+00  1.0242E+04 -1.4277E+00 -6.2618E-03  4.4630E+03  4.4429E+03 -2.1557E-03 -2.1669E-03  0.0000E+00  3.4133E-03  3.7412E-05  7.1408E-01  7.1407E-01  0.0000E+00  2.0721E-05  4.5314E-05  0.0000E+00  4.1720E-01
    152  2.8705E-01  1.0000E+00  1.0242E+04 -1.4857E+00 -5.5169E-03  4.6442E+03  4.6231E+03 -1.9189E-03 -1.8858E-03  0.0000E+00  3.0073E-03  3.9314E-05  7.4307E-01  7.4306E-01  0.0000E+00  2.6146E-05  7.6671E-06  0.0000E+00  4.3430E-01
    153  3.1196E-01  1.0000E+00  1.0242E+04 -1.5505E+00 -4.8746E-03  4.8466E+03  4.8250E+03 -1.7025E-03 -1.6989E-03  0.0000E+00  2.6571E-03  3.9828E-05  7.7546E-01  7.7545E-01  0.0000E+00  1.9698E-05  3.2031E-05  0.0000E+00  4.5328E-01
    154  3.3904E-01  1.0000E+00  1.0242E+04 -1.6083E+00 -4.2812E-03  5.0276E+03  5.0048E+03 -1.4805E-03 -1.4953E-03  0.0000E+00  2.3337E-03  4.2461E-05  8.0440E-01  8.0440E-01  0.0000E+00  1.6402E-05  2.0134E-05  0.0000E+00  4.7039E-01
    155  3.6846E-01  1.0000E+00  1.0242E+04 -1.6723E+00 -3.7688E-03  5.2274E+03  5.2041E+03 -1.2959E-03 -1.3156E-03  0.0000E+00  2.0544E-03  4.3244E-05  8.3639E-01  8.3638E-01  0.0000E+00  1.7756E-05  2.0975E-05  0.0000E+00  4.8915E-01
    156  4.0044E-01  1.0000E+00  1.0242E+04 -1.7322E+00 -3.3053E-03  5.4149E+03  5.3905E+03 -1.1505E-03 -1.1440E-03  0.0000E+00  1.8017E-03  4.5375E-05  8.6638E-01  8.6638E-01  0.0000E+00  1.3202E-05  1.2090E-05  0.0000E+00  5.0684E-01
    157  4.3519E-01  1.0000E+00  1.0242E+04 -1.7950E+00 -2.8999E-03  5.6110E+03  5.5859E+03 -1.0022E-03 -1.0037E-03  0.0000E+00  1.5807E-03  4.6708E-05  8.9776E-01  8.9776E-01  0.0000E+00  1.1356E-05  2.0155E-05  0.0000E+00  5.2528E-01
    158  4.7296E-01  1.0000E+00  1.0242E+04 -1.8565E+00 -2.5393E-03  5.8033E+03  5.7773E+03 -8.7710E-04 -8.5891E-04  0.0000E+00  1.3842E-03  4.8349E-05  9.2853E-01  9.2853E-01  0.0000E+00  1.0481E-05  7.0008E-06  0.0000E+00  5.4339E-01
    159  5.1401E-01  1.0000E+00  1.0242E+04 -1.9181E+00 -2.2213E-03  5.9959E+03  5.9689E+03 -7.7047E-04 -7.4593E-04  0.0000E+00  1.2108E-03  5.0046E-05  9.5933E-01  9.5933E-01  0.0000E+00  8.7672E-06  7.9993E-06  0.0000E+00  5.6152E-01
    160  5.5862E-01  1.0000E+00  1.0242E+04 -1.9800E+00 -1.9413E-03  6.1893E+03  6.1615E+03 -6.7175E-04 -6.7281E-04  0.0000E+00  1.0582E-03  5.1599E-05  9.9028E-01  9.9027E-01  0.0000E+00  7.7862E-06  9.8782E-06  0.0000E+00  5.7973E-01
    161  6.0711E-01  1.0000E+00  1.0242E+04 -2.0415E+00 -1.6948E-03  6.3817E+03  6.3530E+03 -5.8570E-04 -5.8449E-04  0.0000E+00  9.2381E-04  5.3194E-05  1.0211E+00  1.0211E+00  0.0000E+00  6.9628E-06  8.0959E-06  0.0000E+00  5.9784E-01
    162  6.5980E-01  1.0000E+00  1.0242E+04 -2.1028E+00 -1.4780E-03  6.5733E+03  6.5438E+03 -5.1157E-04 -5.1259E-04  0.0000E+00  8.0565E-04  5.4808E-05  1.0517E+00  1.0517E+00  0.0000E+00  5.8573E-06  8.9431E-06  0.0000E+00  6.1589E-01
    163  7.1706E-01  1.0000E+00  1.0242E+04 -2.1639E+00 -1.2877E-03  6.7643E+03  6.7339E+03 -4.4616E-04 -4.4387E-04  0.0000E+00  7.0192E-04  5.6415E-05  1.0823E+00  1.0823E+00  0.0000E+00  5.0066E-06  2.7773E-06  0.0000E+00  6.3387E-01
    164  7.7929E-01  1.0000E+00  1.0242E+04 -2.2247E+00 -1.1209E-03  6.9544E+03  6.9231E+03 -3.8781E-04 -3.9082E-04  0.0000E+00  6.1099E-04  5.8016E-05  1.1127E+00  1.1127E+00  0.0000E+00  4.4800E-06  6.0295E-06  0.0000E+00  6.5176E-01
    165  8.4693E-01  1.0000E+00  1.0242E+04 -2.2852E+00 -9.7479E-04  7.1434E+03  7.1113E+03 -3.3459E-04 -3.3367E-04  0.0000E+00  5.3136E-04  5.9612E-05  1.1429E+00  1.1429E+00  0.0000E+00  4.5647E-06  6.0113E-06  0.0000E+00  6.6956E-01
    166  9.2043E-01  1.0000E+00  1.0242E+04 -2.3453E+00 -8.4702E-04  7.3312E+03  7.2983E+03 -2.9310E-04 -2.9544E-04  0.0000E+00  4.6171E-04  6.1204E-05  1.1730E+00  1.1730E+00  0.0000E+00  3.3776E-06  4.8791E-06  0.0000E+00  6.8724E-01
    167  1.0003E+00  1.0000E+00  1.0242E+04 -2.4050E+00 -7.3538E-04  7.5177E+03  7.4840E+03 -2.5459E-04 -2.5390E-04  0.0000E+00  4.0086E-04  6.2790E-05  1.2028E+00  1.2028E+00  0.0000E+00  2.9043E-06  3.0725E-06  0.0000E+00  7.0480E-01
    168  1.0871E+00  1.0000E+00  1.0242E+04 -2.4642E+00 -6.3795E-04  7.7029E+03  7.6683E+03 -2.1933E-04 -2.2209E-04  0.0000E+00  3.4775E-04  6.4373E-05  1.2325E+00  1.2325E+00  0.0000E+00  2.9001E-06  2.7693E-06  0.0000E+00  7.2224E-01
    169  1.1815E+00  1.0000E+00  1.0242E+04 -2.5229E+00 -5.5301E-04  7.8865E+03  7.8511E+03 -1.9143E-04 -1.8875E-04  0.0000E+00  3.0144E-04  6.5951E-05  1.2618E+00  1.2618E+00  0.0000E+00  2.1900E-06  2.2140E-06  0.0000E+00  7.3953E-01
    170  1.2840E+00  1.0000E+00  1.0242E+04 -2.5812E+00 -4.7902E-04  8.0686E+03  8.0324E+03 -1.6564E-04 -1.6636E-04  0.0000E+00  2.6111E-04  6.7527E-05  1.2910E+00  1.2910E+00  0.0000E+00  1.9418E-06  2.3320E-06  0.0000E+00  7.5667E-01
    171  1.3955E+00  1.0000E+00  1.0242E+04 -2.6389E+00 -4.1464E-04  8.2490E+03  8.2120E+03 -1.4349E-04 -1.4180E-04  0.0000E+00  2.2602E-04  6.9101E-05  1.3198E+00  1.3198E+00  0.0000E+00  1.6509E-06  1.2765E-06  0.0000E+00  7.7366E-01
    172  1.5166E+00  1.0000E+00  1.0242E+04 -2.6961E+00 -3.5866E-04  8.4278E+03  8.3899E+03 -1.2410E-04 -1.2358E-04  0.0000E+00  1.9551E-04  7.0676E-05  1.3484E+00  1.3484E+00  0.0000E+00  1.4330E-06  2.1566E-06  0.0000E+00  7.9048E-01
    173  1.6482E+00  1.0000E+00  1.0242E+04 -2.7527E+00 -3.1004E-04  8.6047E+03  8.5660E+03 -1.0699E-04 -1.0752E-04  0.0000E+00  1.6900E-04  7.2252E-05  1.3767E+00  1.3767E+00  0.0000E+00  1.3113E-06  1.2211E-06  0.0000E+00  8.0714E-01
    174  1.7912E+00  1.0000E+00  1.0242E+04 -2.8087E+00 -2.6784E-04  8.7798E+03  8.7403E+03 -9.2276E-05 -9.2107E-05  0.0000E+00  1.4600E-04  7.3835E-05  1.4048E+00  1.4048E+00  0.0000E+00  1.1698E-06  1.7791E-06  0.0000E+00  8.2363E-01
    175  1.9467E+00  1.0000E+00  1.0242E+04 -2.8641E+00 -2.3124E-04  8.9530E+03  8.9128E+03 -7.9977E-05 -7.8861E-05  0.0000E+00  1.2605E-04  7.5426E-05  1.4325E+00  1.4325E+00  0.0000E+00  9.3312E-07  6.2094E-07  0.0000E+00  8.3994E-01
    176  2.1157E+00  1.0000E+00  1.0242E+04 -2.9189E+00 -1.9953E-04  9.1243E+03  9.0833E+03 -6.8844E-05 -6.8989E-05  0.0000E+00  1.0876E-04  7.7031E-05  1.4599E+00  1.4599E+00  0.0000E+00  8.4613E-07  1.2275E-06  0.0000E+00  8.5606E-01
    177  2.2993E+00  1.0000E+00  1.0242E+04 -2.9731E+00 -1.7207E-04  9.2936E+03  9.2519E+03 -5.9478E-05 -5.7801E-05  0.0000E+00  9.3795E-05  7.8655E-05  1.4870E+00  1.4870E+00  0.0000E+00  7.0271E-07  5.2465E-07  0.0000E+00  8.7201E-01
    178  2.4988E+00  1.0000E+00  1.0242E+04 -3.0266E+00 -1.4831E-04  9.4610E+03  9.4185E+03 -5.1217E-05 -5.1796E-05  0.0000E+00  8.0843E-05  8.0305E-05  1.5137E+00  1.5137E+00  0.0000E+00  6.1750E-07  1.0453E-06  0.0000E+00  8.8777E-01
    179  2.7157E+00  1.0000E+00  1.0242E+04 -3.0795E+00 -1.2776E-04  9.6263E+03  9.5831E+03 -4.4085E-05 -4.3533E-05  0.0000E+00  6.9643E-05  8.1988E-05  1.5402E+00  1.5402E+00  0.0000E+00  5.4092E-07  3.3528E-07  0.0000E+00  9.0334E-01
    180  2.9514E+00  1.0000E+00  1.0242E+04 -3.1318E+00 -1.1001E-04  9.7897E+03  9.7457E+03 -3.8039E-05 -3.8837E-05  0.0000E+00  5.9964E-05  8.3715E-05  1.5663E+00  1.5663E+00  0.0000E+00  4.4576E-07  8.1941E-07  0.0000E+00  9.1871E-01
    181  3.2075E+00  1.0000E+00  1.0242E+04 -3.1833E+00 -9.4672E-05  9.9509E+03  9.9062E+03 -3.2738E-05 -3.2838E-05  0.0000E+00  5.1605E-05  8.5497E-05  1.5921E+00  1.5921E+00  0.0000E+00  3.8323E-07  2.8554E-07  0.0000E+00  9.3390E-01
    182  3.4859E+00  1.0000E+00  1.0242E+04 -3.2343E+00 -8.1437E-05  1.0110E+04  1.0065E+04 -2.8142E-05 -2.7820E-05  0.0000E+00  4.4391E-05  8.7347E-05  1.6176E+00  1.6176E+00  0.0000E+00  3.3449E-07  2.1765E-07  0.0000E+00  9.4889E-01
    183  3.7885E+00  1.0000E+00  1.0242E+04 -3.2845E+00 -7.0021E-05  1.0267E+04  1.0221E+04 -2.4201E-05 -2.4617E-05  0.0000E+00  3.8168E-05  8.9283E-05  1.6428E+00  1.6428E+00  0.0000E+00  2.8661E-07  6.7523E-07  0.0000E+00  9.6368E-01
    184  4.1173E+00  1.0000E+00  1.0242E+04 -3.3342E+00 -6.0180E-05  1.0422E+04  1.0375E+04 -2.0802E-05 -2.1089E-05  0.0000E+00  3.2804E-05  9.1325E-05  1.6676E+00  1.6676E+00  0.0000E+00  2.4562E-07  3.4005E-07  0.0000E+00  9.7828E-01
    185  4.4746E+00  1.0000E+00  1.0242E+04 -3.3831E+00 -5.1700E-05  1.0575E+04  1.0528E+04 -1.7872E-05 -1.8332E-05  0.0000E+00  2.8181E-05  9.3496E-05  1.6920E+00  1.6920E+00  0.0000E+00  2.1085E-07  4.4930E-07  0.0000E+00  9.9269E-01
    186  4.8629E+00  1.0000E+00  1.0242E+04 -3.4314E+00 -4.4397E-05  1.0726E+04  1.0678E+04 -1.5342E-05 -1.5684E-05  0.0000E+00  2.4201E-05  9.5824E-05  1.7162E+00  1.7162E+00  0.0000E+00  1.8251E-07  3.7363E-07  0.0000E+00  1.0069E+00
    187  5.2850E+00  1.0000E+00  1.0242E+04 -3.4790E+00 -3.8111E-05  1.0875E+04  1.0826E+04 -1.3169E-05 -1.2720E-05  0.0000E+00  2.0774E-05  9.8343E-05  1.7400E+00  1.7400E+00  0.0000E+00  1.5668E-07  2.8997E-08  0.0000E+00  1.0209E+00
    188  5.7437E+00  1.0000E+00  1.0242E+04 -3.5260E+00 -3.2702E-05  1.1022E+04  1.0972E+04 -1.1302E-05 -1.1126E-05  0.0000E+00  1.7826E-05  1.0109E-04  1.7635E+00  1.7635E+00  0.0000E+00  1.3401E-07  6.5249E-08  0.0000E+00  1.0347E+00
    189  6.2422E+00  1.0000E+00  1.0242E+04 -3.5723E+00 -2.8051E-05  1.1167E+04  1.1116E+04 -9.6943E-06 -9.9560E-06  0.0000E+00  1.5291E-05  1.0412E-04  1.7867E+00  1.7867E+00  0.0000E+00  1.1505E-07  2.7560E-07  0.0000E+00  1.0484E+00
    190  6.7839E+00  1.0000E+00  1.0242E+04 -3.6179E+00 -2.4053E-05  1.1309E+04  1.1258E+04 -8.3124E-06 -7.8293E-06  0.0000E+00  1.3111E-05  1.0749E-04  1.8095E+00  1.8095E+00  0.0000E+00  9.8727E-08 -1.3298E-07  0.0000E+00  1.0618E+00
    191  7.3727E+00  1.0000E+00  1.0242E+04 -3.6629E+00 -2.0618E-05  1.1450E+04  1.1398E+04 -7.1249E-06 -6.7454E-06  0.0000E+00  1.1239E-05  1.1126E-04  1.8320E+00  1.8320E+00  0.0000E+00  8.4710E-08 -1.1381E-07  0.0000E+00  1.0750E+00
    192  8.0126E+00  1.0000E+00  1.0242E+04 -3.7072E+00 -1.7668E-05  1.1589E+04  1.1536E+04 -6.1055E-06 -6.4547E-06  0.0000E+00  9.6308E-06  1.1552E-04  1.8542E+00  1.8542E+00  0.0000E+00  7.2565E-08  3.1232E-07  0.0000E+00  1.0881E+00
    193  8.7080E+00  1.0000E+00  1.0242E+04 -3.7509E+00 -1.5135E-05  1.1725E+04  1.1672E+04 -5.2301E-06 -5.5269E-06  0.0000E+00  8.2501E-06  1.2036E-04  1.8760E+00  1.8760E+00  0.0000E+00  6.2198E-08  2.2261E-07  0.0000E+00  1.1010E+00
    194  9.4637E+00  1.0000E+00  1.0242E+04 -3.7940E+00 -1.2961E-05  1.1860E+04  1.1806E+04 -4.4789E-06 -4.6188E-06  0.0000E+00  7.0652E-06  1.2589E-04  1.8975E+00  1.8975E+00  0.0000E+00  5.3270E-08  1.4000E-07  0.0000E+00  1.1136E+00
    195  1.0285E+01  1.0000E+00  1.0242E+04 -3.8364E+00 -1.1097E-05  1.1992E+04  1.1938E+04 -3.8345E-06 -3.4226E-06  0.0000E+00  6.0487E-06  1.3226E-04  1.9188E+00  1.9188E+00  0.0000E+00  4.5601E-08 -1.3968E-07  0.0000E+00  1.1261E+00
    196  1.1178E+01  1.0000E+00  1.0242E+04 -3.8782E+00 -9.4973E-06  1.2123E+04  1.2068E+04 -3.2819E-06 -3.5878E-06  0.0000E+00  5.1770E-06  1.3962E-04  1.9397E+00  1.9397E+00  0.0000E+00  3.9027E-08  2.0573E-07  0.0000E+00  1.1384E+00
    197  1.2148E+01  1.0000E+00  1.0242E+04 -3.9193E+00 -8.1263E-06  1.2252E+04  1.2196E+04 -2.8082E-06 -2.5988E-06  0.0000E+00  4.4297E-06  1.4817E-04  1.9602E+00  1.9602E+00  0.0000E+00  3.3393E-08 -6.5909E-08  0.0000E+00  1.1505E+00
    198  1.3202E+01  1.0000E+00  1.0242E+04 -3.9598E+00 -6.9514E-06  1.2378E+04  1.2322E+04 -2.4021E-06 -2.2508E-06  0.0000E+00  3.7892E-06  1.5813E-04  1.9805E+00  1.9805E+00  0.0000E+00  2.8566E-08 -4.9098E-08  0.0000E+00  1.1625E+00
    199  1.4348E+01  1.0000E+00  1.0242E+04 -3.9997E+00 -5.9447E-06  1.2503E+04  1.2446E+04 -2.0543E-06 -2.2798E-06  0.0000E+00  3.2405E-06  1.6979E-04  2.0005E+00  2.0005E+00  0.0000E+00  2.4429E-08  1.5261E-07  0.0000E+00  1.1742E+00
    200  1.5593E+01  1.0000E+00  1.0242E+04 -4.0390E+00 -5.0826E-06  1.2626E+04  1.2568E+04 -1.7564E-06 -1.9043E-06  0.0000E+00  2.7705E-06  1.8345E-04  2.0201E+00  2.0201E+00  0.0000E+00  2.0887E-08  1.0088E-07  0.0000E+00  1.1858E+00
    201  1.6946E+01  1.0000E+00  1.0242E+04 -4.0777E+00 -4.3444E-06  1.2747E+04  1.2688E+04 -1.5013E-06 -1.3446E-06  0.0000E+00  2.3682E-06  1.9951E-04  2.0394E+00  2.0394E+00  0.0000E+00  1.7854E-08 -6.1076E-08  0.0000E+00  1.1972E+00
    202  1.8417E+01  1.0000E+00  1.0242E+04 -4.1157E+00 -3.7126E-06  1.2866E+04  1.2806E+04 -1.2830E-06 -1.0883E-06  0.0000E+00  2.0237E-06  2.1842E-04  2.0585E+00  2.0585E+00  0.0000E+00  1.5258E-08 -7.6807E-08  0.0000E+00  1.2084E+00
    203  2.0016E+01  1.0000E+00  1.0242E+04 -4.1532E+00 -3.1719E-06  1.2983E+04  1.2922E+04 -1.0961E-06 -1.0819E-06  0.0000E+00  1.7290E-06  2.4072E-04  2.0772E+00  2.0772E+00  0.0000E+00  1.3036E-08  4.2139E-09  0.0000E+00  1.2194E+00
    204  2.1753E+01  1.0000E+00  1.0242E+04 -4.1900E+00 -2.7093E-06  1.3098E+04  1.3036E+04 -9.3627E-07 -1.2023E-06  0.0000E+00  1.4769E-06  2.6706E-04  2.0956E+00  2.0956E+00  0.0000E+00  1.1136E-08  1.4683E-07  0.0000E+00  1.2303E+00
    205  2.3641E+01  1.0000E+00  1.0242E+04 -4.2262E+00 -2.3137E-06  1.3211E+04  1.3148E+04 -7.9955E-07 -1.0292E-06  0.0000E+00  1.2612E-06  2.9820E-04  2.1137E+00  2.1137E+00  0.0000E+00  9.5100E-09  1.2505E-07  0.0000E+00  1.2410E+00
    206  2.5693E+01  1.0000E+00  1.0242E+04 -4.2618E+00 -1.9754E-06  1.3323E+04  1.3258E+04 -6.8266E-07 -6.5772E-07  0.0000E+00  1.0768E-06  3.3504E-04  2.1315E+00  2.1315E+00  0.0000E+00  8.1200E-09 -1.2960E-09  0.0000E+00  1.2515E+00
    207  2.7922E+01  1.0000E+00  1.0242E+04 -4.2968E+00 -1.6862E-06  1.3432E+04  1.3366E+04 -5.8272E-07 -6.4642E-07  0.0000E+00  9.1916E-07  3.7867E-04  2.1490E+00  2.1490E+00  0.0000E+00  6.9318E-09  3.8993E-08  0.0000E+00  1.2618E+00
    208  3.0346E+01  1.0000E+00  1.0242E+04 -4.3311E+00 -1.4391E-06  1.3540E+04  1.3472E+04 -4.9732E-07 -6.1778E-07  0.0000E+00  7.8444E-07  4.3034E-04  2.1662E+00  2.1662E+00  0.0000E+00  5.9163E-09  6.9277E-08  0.0000E+00  1.2720E+00
    209  3.2979E+01  1.0000E+00  1.0242E+04 -4.3648E+00 -1.2279E-06  1.3645E+04  1.3576E+04 -4.2434E-07 -4.8211E-07  0.0000E+00  6.6932E-07  4.9158E-04  2.1831E+00  2.1831E+00  0.0000E+00  5.0486E-09  3.7511E-08  0.0000E+00  1.2819E+00
    210  3.5842E+01  1.0000E+00  1.0242E+04 -4.3979E+00 -1.0475E-06  1.3749E+04  1.3678E+04 -3.6200E-07 -1.9937E-07  0.0000E+00  5.7098E-07  5.6417E-04  2.1996E+00  2.1996E+00  0.0000E+00  4.3074E-09 -7.5667E-08  0.0000E+00  1.2917E+00
    211  3.8952E+01  1.0000E+00  1.0242E+04 -4.4303E+00 -8.9339E-07  1.3850E+04  1.3777E+04 -3.0875E-07 -4.7513E-07  0.0000E+00  4.8699E-07  6.5022E-04  2.2158E+00  2.2158E+00  0.0000E+00  3.6743E-09  8.7254E-08  0.0000E+00  1.3013E+00
    212  4.2333E+01  1.0000E+00  1.0242E+04 -4.4620E+00 -7.6181E-07  1.3950E+04  1.3874E+04 -2.6328E-07 -3.3859E-07  0.0000E+00  4.1527E-07  7.5225E-04  2.2317E+00  2.2317E+00  0.0000E+00  3.1337E-09  4.1392E-08  0.0000E+00  1.3107E+00
    213  4.6007E+01  1.0000E+00  1.0242E+04 -4.4930E+00 -6.4947E-07  1.4047E+04  1.3968E+04 -2.2446E-07 -3.7285E-07  0.0000E+00  3.5403E-07  8.7322E-04  2.2472E+00  2.2472E+00  0.0000E+00  2.6722E-09  7.7373E-08  0.0000E+00  1.3200E+00
    214  5.0000E+01  1.0000E+00  1.0242E+04 -4.5233E+00 -5.5359E-07  1.4142E+04  1.4060E+04 -1.9133E-07 -3.3117E-07  0.0000E+00  3.0176E-07  1.0166E-03  2.2623E+00  2.2623E+00  0.0000E+00  2.2782E-09  7.2750E-08  0.0000E+00  1.3290E+00
