4.490000E-02 2.220000E-01 7.331000E-01 0.000000E+00
7.030000E+01 2.752000E+00 2.480000E-01  3   0   2
      1  1.0000E-05  1.0000E+00  1.4483E+04  9.3552E-08 -2.7677E-01  1.7025E-01 -8.2919E-01 -1.1028E+00 -1.1027E+00  0.0000E+00  1.5049E-01 -2.0679E-12 -3.8339E-07 -3.8473E-07  0.0000E+00 -8.6254E-04 -8.6764E-04  0.0000E+00 -9.2180E-10
      2  1.0744E-05  1.0000E+00  1.4483E+04  7.3667E-08 -2.7677E-01  1.7034E-01 -8.2910E-01 -1.1021E+00 -1.1021E+00  0.0000E+00  1.5049E-01 -2.3869E-12 -4.4239E-07 -4.4392E-07  0.0000E+00 -9.9542E-04 -1.0012E-03  0.0000E+00 -9.2180E-10
      3  1.1543E-05  1.0000E+00  1.4483E+04  5.0714E-08 -2.7677E-01  1.7044E-01 -8.2900E-01 -1.1013E+00 -1.1013E+00  0.0000E+00  1.5049E-01 -2.7552E-12 -5.1042E-07 -5.1219E-07  0.0000E+00 -1.1487E-03 -1.1555E-03  0.0000E+00 -9.2180E-10
      4  1.2401E-05  1.0000E+00  1.4483E+04  2.4220E-08 -2.7677E-01  1.7056E-01 -8.2888E-01 -1.1004E+00 -1.1004E+00  0.0000E+00  1.5049E-01 -3.1803E-12 -5.8889E-07 -5.9093E-07  0.0000E+00 -1.3255E-03 -1.3334E-03  0.0000E+00 -9.2180E-10
      5  1.3324E-05  1.0000E+00  1.4483E+04 -6.3627E-09 -2.7677E-01  1.7069E-01 -8.2875E-01 -1.0994E+00 -1.0994E+00  0.0000E+00  1.5049E-01 -3.6710E-12 -6.7936E-07 -6.8171E-07  0.0000E+00 -1.5295E-03 -1.5387E-03  0.0000E+00 -9.2180E-10
      6  1.4315E-05  1.0000E+00  1.4483E+04 -4.1663E-08 -2.7677E-01  1.7085E-01 -8.2859E-01 -1.0982E+00 -1.0982E+00  0.0000E+00  1.5049E-01 -4.2374E-12 -7.8367E-07 -7.8638E-07  0.0000E+00 -1.7648E-03 -1.7753E-03  0.0000E+00 -9.2180E-10
      7  1.5380E-05  1.0000E+00  1.4483E+04 -8.2410E-08 -2.7676E-01  1.7103E-01 -8.2841E-01 -1.0969E+00 -1.0968E+00  0.0000E+00  1.5049E-01 -4.8912E-12 -9.0390E-07 -9.0702E-07  0.0000E+00 -2.0362E-03 -2.0483E-03  0.0000E+00 -9.2180E-10
      8  1.6524E-05  1.0000E+00  1.4483E+04 -1.2944E-07 -2.7676E-01  1.7124E-01 -8.2820E-01 -1.0953E+00 -1.0952E+00  0.0000E+00  1.5049E-01 -5.6459E-12 -1.0424E-06 -1.0460E-06  0.0000E+00 -2.3491E-03 -2.3632E-03  0.0000E+00 -9.2180E-10
      9  1.7753E-05  1.0000E+00  1.4483E+04 -1.8373E-07 -2.7676E-01  1.7148E-01 -8.2796E-01 -1.0935E+00 -1.0934E+00  0.0000E+00  1.5049E-01 -6.5170E-12 -1.2021E-06 -1.2062E-06  0.0000E+00 -2.7099E-03 -2.7261E-03  0.0000E+00 -9.2180E-10
     10  1.9073E-05  1.0000E+00  1.4483E+04 -2.4640E-07 -2.7676E-01  1.7175E-01 -8.2769E-01 -1.0914E+00 -1.0913E+00  0.0000E+00  1.5049E-01 -7.5225E-12 -1.3859E-06 -1.3907E-06  0.0000E+00 -3.1259E-03 -3.1445E-03  0.0000E+00 -9.2180E-10
     11  2.0492E-05  1.0000E+00  1.4483E+04 -3.1873E-07 -2.7676E-01  1.7207E-01 -8.2737E-01 -1.0890E+00 -1.0889E+00  0.0000E+00  1.5049E-01 -8.6832E-12 -1.5976E-06 -1.6031E-06  0.0000E+00 -3.6053E-03 -3.6266E-03  0.0000E+00 -9.2180E-10
     12  2.2016E-05  1.0000E+00  1.4483E+04 -4.0223E-07 -2.7676E-01  1.7244E-01 -8.2700E-01 -1.0862E+00 -1.0861E+00  0.0000E+00  1.5049E-01 -1.0023E-11 -1.8412E-06 -1.8475E-06  0.0000E+00 -4.1577E-03 -4.1823E-03  0.0000E+00 -9.2180E-10
     13  2.3654E-05  1.0000E+00  1.4483E+04 -4.9860E-07 -2.7675E-01  1.7287E-01 -8.2657E-01 -1.0830E+00 -1.0828E+00  0.0000E+00  1.5048E-01 -1.1569E-11 -2.1215E-06 -2.1287E-06  0.0000E+00 -4.7940E-03 -4.8224E-03  0.0000E+00 -9.2180E-10
     14  2.5413E-05  1.0000E+00  1.4483E+04 -6.0984E-07 -2.7675E-01  1.7336E-01 -8.2608E-01 -1.0793E+00 -1.0791E+00  0.0000E+00  1.5048E-01 -1.3354E-11 -2.4437E-06 -2.4520E-06  0.0000E+00 -5.5268E-03 -5.5595E-03  0.0000E+00 -9.2180E-10
     15  2.7303E-05  1.0000E+00  1.4483E+04 -7.3824E-07 -2.7675E-01  1.7392E-01 -8.2551E-01 -1.0750E+00 -1.0748E+00  0.0000E+00  1.5048E-01 -1.5415E-11 -2.8140E-06 -2.8235E-06  0.0000E+00 -6.3704E-03 -6.4081E-03  0.0000E+00 -9.2180E-10
     16  2.9334E-05  1.0000E+00  1.4483E+04 -8.8645E-07 -2.7674E-01  1.7458E-01 -8.2485E-01 -1.0701E+00 -1.0699E+00  0.0000E+00  1.5048E-01 -1.7793E-11 -3.2392E-06 -3.2501E-06  0.0000E+00 -7.3412E-03 -7.3846E-03  0.0000E+00 -9.2180E-10
     17  3.1516E-05  1.0000E+00  1.4483E+04 -1.0575E-06 -2.7674E-01  1.7533E-01 -8.2410E-01 -1.0645E+00 -1.0642E+00  0.0000E+00  1.5048E-01 -2.0538E-11 -3.7270E-06 -3.7395E-06  0.0000E+00 -8.4577E-03 -8.5076E-03  0.0000E+00 -9.2180E-10
     18  3.3860E-05  1.0000E+00  1.4483E+04 -1.2550E-06 -2.7673E-01  1.7621E-01 -8.2322E-01 -1.0580E+00 -1.0577E+00  0.0000E+00  1.5047E-01 -2.3707E-11 -4.2861E-06 -4.3004E-06  0.0000E+00 -9.7412E-03 -9.7984E-03  0.0000E+00 -9.2180E-10
     19  3.6378E-05  1.0000E+00  1.4483E+04 -1.4829E-06 -2.7673E-01  1.7721E-01 -8.2222E-01 -1.0505E+00 -1.0502E+00  0.0000E+00  1.5047E-01 -2.7365E-11 -4.9262E-06 -4.9426E-06  0.0000E+00 -1.1216E-02 -1.1281E-02  0.0000E+00 -9.2180E-10
     20  3.9084E-05  1.0000E+00  1.4483E+04 -1.7460E-06 -2.7672E-01  1.7837E-01 -8.2105E-01 -1.0419E+00 -1.0415E+00  0.0000E+00  1.5047E-01 -3.1587E-11 -5.6582E-06 -5.6768E-06  0.0000E+00 -1.2908E-02 -1.2983E-02  0.0000E+00 -9.2180E-10
     21  4.1991E-05  1.0000E+00  1.4483E+04 -2.0496E-06 -2.7671E-01  1.7972E-01 -8.1971E-01 -1.0320E+00 -1.0316E+00  0.0000E+00  1.5047E-01 -3.6461E-11 -6.4938E-06 -6.5150E-06  0.0000E+00 -1.4849E-02 -1.4936E-02  0.0000E+00 -9.2180E-10
     22  4.5115E-05  1.0000E+00  1.4483E+04 -2.4001E-06 -2.7670E-01  1.8126E-01 -8.1816E-01 -1.0207E+00 -1.0202E+00  0.0000E+00  1.5046E-01 -4.2086E-11 -7.4462E-06 -7.4701E-06  0.0000E+00 -1.7073E-02 -1.7172E-02  0.0000E+00 -9.2180E-10
     23  4.8470E-05  1.0000E+00  1.4483E+04 -2.8046E-06 -2.7669E-01  1.8305E-01 -8.1637E-01 -1.0077E+00 -1.0071E+00  0.0000E+00  1.5046E-01 -4.8579E-11 -8.5293E-06 -8.5563E-06  0.0000E+00 -1.9618E-02 -1.9731E-02  0.0000E+00 -9.2180E-10
     24  5.2076E-05  1.0000E+00  1.4483E+04 -3.2714E-06 -2.7668E-01  1.8511E-01 -8.1430E-01 -9.9273E-01 -9.9208E-01  0.0000E+00  1.5045E-01 -5.6074E-11 -9.7580E-06 -9.7885E-06  0.0000E+00 -2.2527E-02 -2.2656E-02  0.0000E+00 -9.2180E-10
     25  5.5949E-05  1.0000E+00  1.4483E+04 -3.8103E-06 -2.7666E-01  1.8749E-01 -8.1191E-01 -9.7563E-01 -9.7489E-01  0.0000E+00  1.5044E-01 -6.4725E-11 -1.1148E-05 -1.1182E-05  0.0000E+00 -2.5845E-02 -2.5992E-02  0.0000E+00 -9.2180E-10
     26  6.0110E-05  1.0000E+00  1.4483E+04 -4.4322E-06 -2.7664E-01  1.9024E-01 -8.0916E-01 -9.5609E-01 -9.5524E-01  0.0000E+00  1.5044E-01 -7.4710E-11 -1.2715E-05 -1.2753E-05  0.0000E+00 -2.9625E-02 -2.9792E-02  0.0000E+00 -9.2180E-10
     27  6.4581E-05  1.0000E+00  1.4483E+04 -5.1500E-06 -2.7663E-01  1.9341E-01 -8.0598E-01 -9.3376E-01 -9.3279E-01  0.0000E+00  1.5043E-01 -8.6236E-11 -1.4474E-05 -1.4517E-05  0.0000E+00 -3.3920E-02 -3.4110E-02  0.0000E+00 -9.2180E-10
     28  6.9385E-05  1.0000E+00  1.4483E+04 -5.9784E-06 -2.7660E-01  1.9707E-01 -8.0232E-01 -9.0831E-01 -9.0721E-01  0.0000E+00  1.5042E-01 -9.9540E-11 -1.6440E-05 -1.6487E-05  0.0000E+00 -3.8788E-02 -3.9003E-02  0.0000E+00 -9.2180E-10
     29  7.4546E-05  1.0000E+00  1.4483E+04 -6.9345E-06 -2.7658E-01  2.0129E-01 -7.9809E-01 -8.7935E-01 -8.7809E-01  0.0000E+00  1.5041E-01 -1.1490E-10 -1.8624E-05 -1.8675E-05  0.0000E+00 -4.4290E-02 -4.4533E-02  0.0000E+00 -9.2180E-10
     30  8.0091E-05  1.0000E+00  1.4483E+04 -8.0378E-06 -2.7655E-01  2.0617E-01 -7.9320E-01 -8.4646E-01 -8.4505E-01  0.0000E+00  1.5039E-01 -1.3262E-10 -2.1033E-05 -2.1088E-05  0.0000E+00 -5.0486E-02 -5.0759E-02  0.0000E+00 -9.2180E-10
     31  8.6048E-05  1.0000E+00  1.4483E+04 -9.3111E-06 -2.7651E-01  2.1179E-01 -7.8756E-01 -8.0923E-01 -8.0763E-01  0.0000E+00  1.5038E-01 -1.5308E-10 -2.3668E-05 -2.3726E-05  0.0000E+00 -5.7436E-02 -5.7740E-02  0.0000E+00 -9.2180E-10
     32  9.2448E-05  1.0000E+00  1.4483E+04 -1.0780E-05 -2.7647E-01  2.1829E-01 -7.8106E-01 -7.6721E-01 -7.6541E-01  0.0000E+00  1.5036E-01 -1.7669E-10 -2.6519E-05 -2.6579E-05  0.0000E+00 -6.5191E-02 -6.5530E-02  0.0000E+00 -9.2180E-10
     33  9.9324E-05  1.0000E+00  1.4483E+04 -1.2476E-05 -2.7643E-01  2.2578E-01 -7.7355E-01 -7.1995E-01 -7.1792E-01  0.0000E+00  1.5034E-01 -2.0394E-10 -2.9563E-05 -2.9624E-05  0.0000E+00 -7.3796E-02 -7.4170E-02  0.0000E+00 -9.2180E-10
     34  1.0671E-04  1.0000E+00  1.4483E+04 -1.4432E-05 -2.7637E-01  2.3442E-01 -7.6489E-01 -6.6702E-01 -6.6476E-01  0.0000E+00  1.5032E-01 -2.3540E-10 -3.2756E-05 -3.2816E-05  0.0000E+00 -8.3276E-02 -8.3686E-02  0.0000E+00 -9.2180E-10
     35  1.1465E-04  1.0000E+00  1.4483E+04 -1.6690E-05 -2.7631E-01  2.4440E-01 -7.5489E-01 -6.0805E-01 -6.0554E-01  0.0000E+00  1.5029E-01 -2.7171E-10 -3.6033E-05 -3.6088E-05  0.0000E+00 -9.3632E-02 -9.4078E-02  0.0000E+00 -9.2180E-10
     36  1.2318E-04  1.0000E+00  1.4483E+04 -1.9294E-05 -2.7624E-01  2.5591E-01 -7.4336E-01 -5.4272E-01 -5.3996E-01  0.0000E+00  1.5026E-01 -3.1361E-10 -3.9289E-05 -3.9336E-05  0.0000E+00 -1.0483E-01 -1.0531E-01  0.0000E+00 -9.2180E-10
     37  1.3234E-04  1.0000E+00  1.4483E+04 -2.2299E-05 -2.7616E-01  2.6919E-01 -7.3005E-01 -4.7088E-01 -4.6786E-01  0.0000E+00  1.5023E-01 -3.6198E-10 -4.2382E-05 -4.2414E-05  0.0000E+00 -1.1678E-01 -1.1729E-01  0.0000E+00 -9.2180E-10
     38  1.4218E-04  1.0000E+00  1.4483E+04 -2.5765E-05 -2.7607E-01  2.8452E-01 -7.1470E-01 -3.9252E-01 -3.8925E-01  0.0000E+00  1.5019E-01 -4.1780E-10 -4.5113E-05 -4.5123E-05  0.0000E+00 -1.2933E-01 -1.2986E-01  0.0000E+00 -9.2180E-10
     39  1.5276E-04  1.0000E+00  1.4483E+04 -2.9763E-05 -2.7597E-01  3.0219E-01 -6.9698E-01 -3.0792E-01 -3.0442E-01  0.0000E+00  1.5014E-01 -4.8222E-10 -4.7221E-05 -4.7200E-05  0.0000E+00 -1.4225E-01 -1.4278E-01  0.0000E+00 -9.2180E-10
     40  1.6412E-04  1.0000E+00  1.4483E+04 -3.4374E-05 -2.7585E-01  3.2259E-01 -6.7655E-01 -2.1769E-01 -2.1398E-01  0.0000E+00  1.5009E-01 -5.5656E-10 -4.8370E-05 -4.8305E-05  0.0000E+00 -1.5517E-01 -1.5570E-01  0.0000E+00 -9.2180E-10
     41  1.7633E-04  1.0000E+00  1.4483E+04 -3.9692E-05 -2.7572E-01  3.4611E-01 -6.5298E-01 -1.2287E-01 -1.1903E-01  0.0000E+00  1.5002E-01 -6.4237E-10 -4.8139E-05 -4.8019E-05  0.0000E+00 -1.6763E-01 -1.6812E-01  0.0000E+00 -9.2180E-10
     42  1.8944E-04  1.0000E+00  1.4483E+04 -4.5824E-05 -2.7556E-01  3.7324E-01 -6.2579E-01 -2.5081E-02 -2.1176E-02  0.0000E+00  1.4995E-01 -7.4138E-10 -4.6023E-05 -4.5832E-05  0.0000E+00 -1.7899E-01 -1.7942E-01  0.0000E+00 -9.2180E-10
     43  2.0353E-04  1.0000E+00  1.4483E+04 -5.2893E-05 -2.7538E-01  4.0452E-01 -5.9445E-01  7.3434E-02  7.7293E-02  0.0000E+00  1.4987E-01 -8.5564E-10 -4.1437E-05 -4.1158E-05  0.0000E+00 -1.8845E-01 -1.8877E-01  0.0000E+00 -9.2180E-10
     44  2.1867E-04  1.0000E+00  1.4483E+04 -6.1043E-05 -2.7518E-01  4.4060E-01 -5.5830E-01  1.6969E-01  1.7336E-01  0.0000E+00  1.4978E-01 -9.8749E-10 -3.3734E-05 -3.3354E-05  0.0000E+00 -1.9502E-01 -1.9520E-01  0.0000E+00 -9.2180E-10
     45  2.3494E-04  1.0000E+00  1.4483E+04 -7.0436E-05 -2.7496E-01  4.8218E-01 -5.1663E-01  2.5993E-01  2.6325E-01  0.0000E+00  1.4968E-01 -1.1396E-09 -2.2257E-05 -2.1763E-05  0.0000E+00 -1.9758E-01 -1.9757E-01  0.0000E+00 -9.2180E-10
     46  2.5241E-04  1.0000E+00  1.4483E+04 -8.1259E-05 -2.7470E-01  5.3012E-01 -4.6859E-01  3.3968E-01  3.4245E-01  0.0000E+00  1.4956E-01 -1.3152E-09 -6.4046E-06 -5.7936E-06  0.0000E+00 -1.9488E-01 -1.9464E-01  0.0000E+00 -9.2180E-10
     47  2.7119E-04  1.0000E+00  1.4483E+04 -9.3730E-05 -2.7441E-01  5.8537E-01 -4.1324E-01  4.0389E-01  4.0592E-01  0.0000E+00  1.4942E-01 -1.5177E-09  1.4249E-05  1.4970E-05  0.0000E+00 -1.8570E-01 -1.8516E-01  0.0000E+00 -9.2180E-10
     48  2.9136E-04  1.0000E+00  1.4483E+04 -1.0809E-04 -2.7409E-01  6.4902E-01 -3.4945E-01  4.4734E-01  4.4843E-01  0.0000E+00  1.4927E-01 -1.7514E-09  3.9807E-05  4.0612E-05  0.0000E+00 -1.6892E-01 -1.6807E-01  0.0000E+00 -9.2180E-10
     49  3.1303E-04  1.0000E+00  1.4483E+04 -1.2464E-04 -2.7373E-01  7.2235E-01 -2.7597E-01  4.6516E-01  4.6515E-01  0.0000E+00  1.4909E-01 -2.0210E-09  6.9859E-05  7.0698E-05  0.0000E+00 -1.4387E-01 -1.4269E-01  0.0000E+00 -9.2180E-10
     50  3.3631E-04  1.0000E+00  1.4483E+04 -1.4368E-04 -2.7333E-01  8.0680E-01 -1.9135E-01  4.5375E-01  4.5257E-01  0.0000E+00  1.4889E-01 -2.3320E-09  1.0328E-04  1.0408E-04  0.0000E+00 -1.1054E-01 -1.0906E-01  0.0000E+00 -9.2180E-10
     51  3.6133E-04  1.0000E+00  1.4483E+04 -1.6560E-04 -2.7288E-01  9.0404E-01 -9.3914E-02  4.1184E-01  4.0953E-01  0.0000E+00  1.4867E-01 -2.6907E-09  1.3810E-04  1.3874E-04  0.0000E+00 -7.0004E-02 -6.8303E-02  0.0000E+00 -9.2180E-10
     52  3.8820E-04  1.0000E+00  1.4483E+04 -1.9082E-04 -2.7238E-01  1.0160E+00  1.8235E-02  3.4172E-01  3.3851E-01  0.0000E+00  1.4842E-01 -3.1044E-09  1.7144E-04  1.7179E-04  0.0000E+00 -2.4731E-02 -2.2955E-02  0.0000E+00 -9.2179E-10
     53  4.1708E-04  1.0000E+00  1.4483E+04 -2.1984E-04 -2.7183E-01  1.1447E+00  1.4728E-01  2.5037E-01  2.4669E-01  0.0000E+00  1.4814E-01 -3.5816E-09  1.9978E-04  1.9973E-04  0.0000E+00  2.1174E-02  2.2816E-02  0.0000E+00 -9.2180E-10
     54  4.4810E-04  1.0000E+00  1.4483E+04 -2.5321E-04 -2.7122E-01  1.2929E+00  2.9572E-01  1.4995E-01  1.4643E-01  0.0000E+00  1.4783E-01 -4.1318E-09  2.1961E-04  2.1905E-04  0.0000E+00  6.2070E-02  6.3323E-02  0.0000E+00 -9.2180E-10
     55  4.8143E-04  1.0000E+00  1.4483E+04 -2.9158E-04 -2.7056E-01  1.4632E+00  4.6640E-01  5.7164E-02  5.4539E-02  0.0000E+00  1.4748E-01 -4.7663E-09  2.2853E-04  2.2748E-04  0.0000E+00  9.1391E-02  9.1997E-02  0.0000E+00 -9.2179E-10
     56  5.1724E-04  1.0000E+00  1.4483E+04 -3.3567E-04 -2.6983E-01  1.6590E+00  6.6258E-01 -9.2885E-03 -1.0330E-02  0.0000E+00  1.4709E-01 -5.4978E-09  2.2685E-04  2.2545E-04  0.0000E+00  1.0298E-01  1.0275E-01  0.0000E+00 -9.2180E-10
     57  5.5571E-04  1.0000E+00  1.4483E+04 -3.8632E-04 -2.6903E-01  1.8839E+00  8.8798E-01 -3.3434E-02 -3.2500E-02  0.0000E+00  1.4667E-01 -6.3411E-09  2.1918E-04  2.1778E-04  0.0000E+00  9.3152E-02  9.2082E-02  0.0000E+00 -9.2179E-10
     58  5.9704E-04  1.0000E+00  1.4483E+04 -4.4449E-04 -2.6816E-01  2.1422E+00  1.1468E+00 -8.4878E-03 -5.7534E-03  0.0000E+00  1.4620E-01 -7.3130E-09  2.1527E-04  2.1433E-04  0.0000E+00  6.3133E-02  6.1462E-02  0.0000E+00 -9.2180E-10
     59  6.4145E-04  1.0000E+00  1.4483E+04 -5.1127E-04 -2.6722E-01  2.4387E+00  1.4440E+00  5.6885E-02  6.0522E-02  0.0000E+00  1.4568E-01 -8.4331E-09  2.2865E-04  2.2867E-04  0.0000E+00  2.0900E-02  1.9153E-02  0.0000E+00 -9.2180E-10
     60  6.8916E-04  1.0000E+00  1.4483E+04 -5.8788E-04 -2.6619E-01  2.7789E+00  1.7849E+00  1.3620E-01  1.3924E-01  0.0000E+00  1.4513E-01 -9.7237E-09  2.7222E-04  2.7340E-04  0.0000E+00 -1.9112E-02 -2.0245E-02  0.0000E+00 -9.2180E-10
     61  7.4042E-04  1.0000E+00  1.4483E+04 -6.7574E-04 -2.6507E-01  3.1690E+00  2.1759E+00  1.9114E-01  1.9206E-01  0.0000E+00  1.4452E-01 -1.1210E-08  3.5060E-04  3.5259E-04  0.0000E+00 -4.0047E-02 -4.0000E-02  0.0000E+00 -9.2180E-10
     62  7.9550E-04  1.0000E+00  1.4483E+04 -7.7643E-04 -2.6385E-01  3.6161E+00  2.6239E+00  1.8824E-01  1.8640E-01  0.0000E+00  1.4385E-01 -1.2923E-08  4.5283E-04  4.5459E-04  0.0000E+00 -3.0690E-02 -2.9412E-02  0.0000E+00 -9.2180E-10
     63  8.5467E-04  1.0000E+00  1.4483E+04 -8.9175E-04 -2.6254E-01  4.1282E+00  3.1371E+00  1.2177E-01  1.1821E-01  0.0000E+00  1.4314E-01 -1.4894E-08  5.5182E-04  5.5208E-04  0.0000E+00  5.3384E-03  7.1302E-03  0.0000E+00 -9.2179E-10
     64  9.1824E-04  1.0000E+00  1.4483E+04 -1.0238E-03 -2.6111E-01  4.7144E+00  3.7246E+00  2.8006E-02  2.5273E-02  0.0000E+00  1.4236E-01 -1.7164E-08  6.1820E-04  6.1643E-04  0.0000E+00  4.6198E-02  4.7253E-02  0.0000E+00 -9.2179E-10
     65  9.8653E-04  1.0000E+00  1.4483E+04 -1.1747E-03 -2.5957E-01  5.3849E+00  4.3965E+00 -2.9026E-02 -2.8585E-02  0.0000E+00  1.4152E-01 -1.9775E-08  6.4691E-04  6.4430E-04  0.0000E+00  6.2079E-02  6.1492E-02  0.0000E+00 -9.2180E-10
     66  1.0599E-03  1.0000E+00  1.4483E+04 -1.3473E-03 -2.5791E-01  6.1512E+00  5.1646E+00 -6.4668E-03 -3.1418E-03  0.0000E+00  1.4062E-01 -2.2779E-08  6.7685E-04  6.7592E-04  0.0000E+00  3.8976E-02  3.7221E-02  0.0000E+00 -9.2180E-10
     67  1.1387E-03  1.0000E+00  1.4483E+04 -1.5444E-03 -2.5612E-01  7.0265E+00  6.0418E+00  6.6051E-02  6.8719E-02  0.0000E+00  1.3964E-01 -2.6234E-08  7.7027E-04  7.7246E-04  0.0000E+00 -1.5267E-03 -2.6141E-03  0.0000E+00 -9.2181E-10
     68  1.2234E-03  1.0000E+00  1.4483E+04 -1.7693E-03 -2.5420E-01  8.0254E+00  7.0429E+00  9.8078E-02  9.6744E-02  0.0000E+00  1.3860E-01 -3.0205E-08  9.4531E-04  9.4829E-04  0.0000E+00 -1.5180E-02 -1.4247E-02  0.0000E+00 -9.2179E-10
     69  1.3144E-03  1.0000E+00  1.4483E+04 -2.0258E-03 -2.5214E-01  9.1643E+00  8.1844E+00  3.9256E-02  3.5696E-02  0.0000E+00  1.3748E-01 -3.4768E-08  1.1299E-03  1.1293E-03  0.0000E+00  1.4617E-02  1.6334E-02  0.0000E+00 -9.2177E-10
     70  1.4122E-03  1.0000E+00  1.4483E+04 -2.3180E-03 -2.4994E-01  1.0462E+01  9.4848E+00 -3.4780E-02 -3.4955E-02  0.0000E+00  1.3628E-01 -4.0007E-08  1.2399E-03  1.2361E-03  0.0000E+00  4.4435E-02  4.4261E-02  0.0000E+00 -9.2179E-10
     71  1.5173E-03  1.0000E+00  1.4483E+04 -2.6505E-03 -2.4759E-01  1.1938E+01  1.0965E+01 -1.5052E-02 -1.1502E-02  0.0000E+00  1.3500E-01 -4.6020E-08  1.3313E-03  1.3311E-03  0.0000E+00  2.5873E-02  2.4095E-02  0.0000E+00 -9.2176E-10
     72  1.6301E-03  1.0000E+00  1.4483E+04 -3.0285E-03 -2.4509E-01  1.3617E+01  1.2647E+01  4.7017E-02  4.7217E-02  0.0000E+00  1.3363E-01 -5.2917E-08  1.5503E-03  1.5546E-03  0.0000E+00 -6.8976E-03 -6.7724E-03  0.0000E+00 -9.2176E-10
     73  1.7514E-03  1.0000E+00  1.4483E+04 -3.4579E-03 -2.4243E-01  1.5524E+01  1.4559E+01  1.2029E-02  8.4920E-03  0.0000E+00  1.3218E-01 -6.0821E-08  1.8457E-03  1.8449E-03  0.0000E+00  1.0950E-02  1.2677E-02  0.0000E+00 -9.2180E-10
     74  1.8816E-03  1.0000E+00  1.4483E+04 -3.9450E-03 -2.3962E-01  1.7687E+01  1.6727E+01 -4.6985E-02 -4.5528E-02  0.0000E+00  1.3065E-01 -6.9873E-08  2.0331E-03  2.0286E-03  0.0000E+00  3.4564E-02  3.3664E-02  0.0000E+00 -9.2174E-10
     75  2.0216E-03  1.0000E+00  1.4483E+04 -4.4970E-03 -2.3663E-01  2.0138E+01  1.9184E+01  3.1238E-03  5.4235E-03  0.0000E+00  1.2902E-01 -8.0229E-08  2.2597E-03  2.2639E-03  0.0000E+00  4.6322E-03  3.6284E-03  0.0000E+00 -9.2177E-10
     76  2.1720E-03  1.0000E+00  1.4483E+04 -5.1218E-03 -2.3348E-01  2.2912E+01  2.1965E+01  2.8709E-03 -6.5883E-04  0.0000E+00  1.2730E-01 -9.2065E-08  2.6700E-03  2.6705E-03  0.0000E+00  4.9464E-03  6.7178E-03  0.0000E+00 -9.2180E-10
     77  2.3335E-03  1.0000E+00  1.4483E+04 -5.8281E-03 -2.3017E-01  2.6049E+01  2.5110E+01 -5.0633E-02 -4.8493E-02  0.0000E+00  1.2550E-01 -1.0558E-07  2.9666E-03  2.9618E-03  0.0000E+00  2.7308E-02  2.6119E-02  0.0000E+00 -9.2171E-10
     78  2.5071E-03  1.0000E+00  1.4483E+04 -6.6255E-03 -2.2668E-01  2.9590E+01  2.8659E+01  1.1431E-03  1.1213E-03  0.0000E+00  1.2360E-01 -1.2098E-07  3.3503E-03  3.3570E-03  0.0000E+00 -1.4627E-03 -1.3063E-03  0.0000E+00 -9.2168E-10
     79  2.6935E-03  1.0000E+00  1.4483E+04 -7.5245E-03 -2.2303E-01  3.3582E+01  3.2662E+01 -4.1316E-02 -4.2857E-02  0.0000E+00  1.2160E-01 -1.3852E-07  3.8674E-03  3.8608E-03  0.0000E+00  1.8789E-02  1.9434E-02  0.0000E+00 -9.2173E-10
     80  2.8939E-03  1.0000E+00  1.4483E+04 -8.5368E-03 -2.1921E-01  3.8077E+01  3.7169E+01 -2.2594E-02 -2.0293E-02  0.0000E+00  1.1952E-01 -1.5844E-07  4.2816E-03  4.2876E-03  0.0000E+00  5.6038E-03  4.5542E-03  0.0000E+00 -9.2182E-10
     81  3.1091E-03  1.0000E+00  1.4483E+04 -9.6748E-03 -2.1523E-01  4.3130E+01  4.2236E+01 -3.7896E-02 -4.0309E-02  0.0000E+00  1.1735E-01 -1.8105E-07  4.9477E-03  4.9414E-03  0.0000E+00  1.2793E-02  1.3908E-02  0.0000E+00 -9.2177E-10
     82  3.3404E-03  1.0000E+00  1.4483E+04 -1.0952E-02 -2.1108E-01  4.8804E+01  4.7924E+01 -2.6645E-02 -2.4769E-02  0.0000E+00  1.1509E-01 -2.0662E-07  5.4923E-03  5.5000E-03  0.0000E+00  4.0987E-03  3.2572E-03  0.0000E+00 -9.2187E-10
     83  3.5889E-03  1.0000E+00  1.4483E+04 -1.2385E-02 -2.0678E-01  5.5163E+01  5.4300E+01 -5.0223E-02 -5.0631E-02  0.0000E+00  1.1274E-01 -2.3548E-07  6.2846E-03  6.2749E-03  0.0000E+00  1.5188E-02  1.5288E-02  0.0000E+00 -9.2183E-10
     84  3.8558E-03  1.0000E+00  1.4483E+04 -1.3987E-02 -2.0232E-01  6.2279E+01  6.1436E+01 -2.1808E-02 -2.3820E-02  0.0000E+00  1.1031E-01 -2.6795E-07  7.0517E-03  7.0603E-03  0.0000E+00 -8.1959E-04  2.6441E-04  0.0000E+00 -9.2178E-10
     85  4.1426E-03  1.0000E+00  1.4483E+04 -1.5778E-02 -1.9771E-01  7.0230E+01  6.9409E+01 -4.8969E-02 -4.5334E-02  0.0000E+00  1.0780E-01 -3.0434E-07  7.9096E-03  7.9099E-03  0.0000E+00  1.1204E-02  9.3908E-03  0.0000E+00 -9.2167E-10
     86  4.4507E-03  1.0000E+00  1.4483E+04 -1.7775E-02 -1.9297E-01  7.9097E+01  7.8301E+01 -4.8973E-02 -4.9929E-02  0.0000E+00  1.0521E-01 -3.4497E-07  8.9824E-03  8.9706E-03  0.0000E+00  1.0680E-02  1.1075E-02  0.0000E+00 -9.2151E-10
     87  4.7818E-03  1.0000E+00  1.4483E+04 -1.9998E-02 -1.8808E-01  8.8969E+01  8.8201E+01 -3.1600E-02 -3.5219E-02  0.0000E+00  1.0255E-01 -3.9010E-07  1.0084E-02  1.0087E-02  0.0000E+00  9.6450E-04  2.7874E-03  0.0000E+00 -9.2154E-10
     88  5.1374E-03  1.0000E+00  1.4483E+04 -2.2469E-02 -1.8307E-01  9.9939E+01  9.9202E+01 -3.2197E-02 -3.2938E-02  0.0000E+00  9.9816E-02 -4.3991E-07  1.1268E-02  1.1282E-02  0.0000E+00  1.8428E-04  6.2772E-04  0.0000E+00 -9.2168E-10
     89  5.5196E-03  1.0000E+00  1.4483E+04 -2.5208E-02 -1.7794E-01  1.1211E+02  1.1140E+02 -4.0142E-02 -3.8055E-02  0.0000E+00  9.7019E-02 -4.9451E-07  1.2615E-02  1.2629E-02  0.0000E+00  3.4326E-03  2.4499E-03  0.0000E+00 -9.2152E-10
     90  5.9301E-03  1.0000E+00  1.4483E+04 -2.8240E-02 -1.7270E-01  1.2557E+02  1.2490E+02 -4.4405E-02 -4.1262E-02  0.0000E+00  9.4160E-02 -5.5381E-07  1.4130E-02  1.4140E-02  0.0000E+00  5.0821E-03  3.5510E-03  0.0000E+00 -9.2137E-10
     91  6.3712E-03  1.0000E+00  1.4483E+04 -3.1588E-02 -1.6735E-01  1.4043E+02  1.3981E+02 -4.3881E-02 -4.0834E-02  0.0000E+00  9.1244E-02 -6.1752E-07  1.5802E-02  1.5814E-02  0.0000E+00  4.4657E-03  2.9835E-03  0.0000E+00 -9.2117E-10
     92  6.8451E-03  1.0000E+00  1.4483E+04 -3.5276E-02 -1.6190E-01  1.5681E+02  1.5623E+02 -3.9361E-02 -3.7938E-02  0.0000E+00  8.8275E-02 -6.8501E-07  1.7648E-02  1.7667E-02  0.0000E+00  1.9798E-03  1.3247E-03  0.0000E+00 -9.2152E-10
     93  7.3542E-03  1.0000E+00  1.4483E+04 -3.9327E-02 -1.5637E-01  1.7480E+02  1.7426E+02 -3.4451E-02 -3.6935E-02  0.0000E+00  8.5258E-02 -7.5522E-07  1.9705E-02  1.9723E-02  0.0000E+00 -5.1612E-04  7.6910E-04  0.0000E+00 -9.2162E-10
     94  7.9012E-03  1.0000E+00  1.4483E+04 -4.3765E-02 -1.5076E-01  1.9450E+02  1.9402E+02 -4.0206E-02 -4.3404E-02  0.0000E+00  8.2197E-02 -8.2652E-07  2.1972E-02  2.1957E-02  0.0000E+00  2.4377E-03  4.0019E-03  0.0000E+00 -9.2156E-10
     95  8.4889E-03  1.0000E+00  1.4483E+04 -4.8611E-02 -1.4507E-01  2.1602E+02  2.1559E+02 -4.7095E-02 -4.3149E-02  0.0000E+00  7.9095E-02 -8.9650E-07  2.4335E-02  2.4327E-02  0.0000E+00  5.8204E-03  3.8330E-03  0.0000E+00 -9.2092E-10
     96  9.1203E-03  1.0000E+00  1.4483E+04 -5.3884E-02 -1.3931E-01  2.3944E+02  2.3906E+02 -3.3737E-02 -3.7027E-02  0.0000E+00  7.5956E-02 -9.6179E-07  2.6986E-02  2.7004E-02  0.0000E+00 -6.7008E-04  1.0037E-03  0.0000E+00 -9.2148E-10
     97  9.7987E-03  1.0000E+00  1.4483E+04 -5.9600E-02 -1.3349E-01  2.6483E+02  2.6449E+02 -4.4584E-02 -4.0601E-02  0.0000E+00  7.2783E-02 -1.0178E-06  2.9830E-02  2.9820E-02  0.0000E+00  4.9793E-03  2.9727E-03  0.0000E+00 -9.2090E-10
     98  1.0528E-02  1.0000E+00  1.4483E+04 -6.5766E-02 -1.2761E-01  2.9221E+02  2.9192E+02 -3.6297E-02 -3.9672E-02  0.0000E+00  6.9578E-02 -1.0584E-06  3.2965E-02  3.2943E-02  0.0000E+00  1.2289E-03  2.8890E-03  0.0000E+00 -8.3081E-10
     99  1.1311E-02  1.0000E+00  1.4483E+04 -7.2386E-02 -1.2168E-01  3.2162E+02  3.2135E+02 -3.1656E-02 -3.5050E-02  0.0000E+00  6.6345E-02 -1.0758E-06  3.6228E-02  3.6251E-02  0.0000E+00 -7.4936E-04  9.7174E-04  0.0000E+00 -7.1859E-10
    100  1.2152E-02  1.0000E+00  1.4483E+04 -7.9451E-02 -1.1571E-01  3.5300E+02  3.5275E+02 -3.1577E-02 -3.3257E-02  0.0000E+00  6.3086E-02 -1.0598E-06  3.9738E-02  3.9774E-02  0.0000E+00 -3.4224E-04  5.3170E-04  0.0000E+00 -6.2174E-10
    101  1.3056E-02  1.0000E+00  1.4483E+04 -8.6941E-02 -1.0969E-01  3.8627E+02  3.8602E+02 -2.9791E-02 -3.2844E-02  0.0000E+00  5.9806E-02 -9.9811E-07  4.3494E-02  4.3524E-02  0.0000E+00 -6.9873E-04  8.4362E-04  0.0000E+00 -5.3626E-10
    102  1.4027E-02  1.0000E+00  1.4483E+04 -9.4821E-02 -1.0364E-01  4.2128E+02  4.2099E+02 -3.0076E-02 -3.4569E-02  0.0000E+00  5.6508E-02 -8.7589E-07  4.7478E-02  4.7456E-02  0.0000E+00  3.3524E-04  1.8358E-03  0.0000E+00 -4.6549E-10
    103  1.5070E-02  1.0000E+00  1.4483E+04 -1.0304E-01 -9.7566E-02  4.5780E+02  4.5743E+02 -3.2886E-02 -2.8602E-02  0.0000E+00  5.3196E-02 -6.7586E-07  5.1551E-02  5.1535E-02  0.0000E+00  3.1211E-03  1.1331E-03  0.0000E+00 -4.0129E-10
    104  1.6191E-02  1.0000E+00  1.4483E+04 -1.1152E-01 -9.1482E-02  4.9550E+02  4.9501E+02 -2.6126E-02 -2.9482E-02  0.0000E+00  4.9879E-02 -3.7877E-07  5.5823E-02  5.5806E-02  0.0000E+00 -4.0932E-04  1.5547E-03  0.0000E+00 -3.4683E-10
    105  1.7395E-02  1.0000E+00  1.4483E+04 -1.2017E-01 -8.5404E-02  5.3397E+02  5.3330E+02 -2.6774E-02 -2.7230E-02  0.0000E+00  4.6565E-02  3.5622E-08  6.0065E-02  6.0123E-02  0.0000E+00  1.5627E-04  4.7057E-04  0.0000E+00 -2.9996E-10
    106  1.8689E-02  1.0000E+00  1.4483E+04 -1.2889E-01 -7.9355E-02  5.7274E+02  5.7180E+02 -2.7310E-02 -2.5502E-02  0.0000E+00  4.3267E-02  5.8682E-07  6.4432E-02  6.4482E-02  0.0000E+00  7.0403E-04  3.8775E-04  0.0000E+00 -2.5844E-10
    107  2.0079E-02  1.0000E+00  1.4483E+04 -1.3754E-01 -7.3364E-02  6.1125E+02  6.0996E+02 -2.2672E-02 -2.4634E-02  0.0000E+00  4.0001E-02  1.2909E-06  6.8766E-02  6.8805E-02  0.0000E+00 -3.2126E-04  8.7804E-04  0.0000E+00 -2.2295E-10
    108  2.1573E-02  1.0000E+00  1.4483E+04 -1.4601E-01 -6.7469E-02  6.4892E+02  6.4720E+02 -2.2439E-02 -2.2050E-02  0.0000E+00  3.6787E-02  2.1565E-06  7.3068E-02  7.3016E-02  0.0000E+00  8.6998E-04  4.6120E-04  0.0000E+00 -1.9149E-10
    109  2.3177E-02  1.0000E+00  1.4483E+04 -1.5416E-01 -6.1715E-02  6.8524E+02  6.8297E+02 -1.7808E-02 -2.1055E-02  0.0000E+00  3.3649E-02  3.1798E-06  7.7097E-02  7.7105E-02  0.0000E+00 -5.7806E-04  7.8871E-04  0.0000E+00 -1.6808E-10
    110  2.4901E-02  1.0000E+00  1.4483E+04 -1.6192E-01 -5.6155E-02  7.1980E+02  7.1691E+02 -1.7166E-02 -1.9364E-02  0.0000E+00  3.0618E-02  4.3385E-06  8.0975E-02  8.0984E-02  0.0000E+00 -2.7861E-04  7.0181E-04  0.0000E+00 -1.4442E-10
    111  2.6753E-02  1.0000E+00  1.4483E+04 -1.6924E-01 -5.0849E-02  7.5245E+02  7.4886E+02 -1.6532E-02 -1.7136E-02  0.0000E+00  2.7725E-02  5.5849E-06  8.4644E-02  8.4627E-02  0.0000E+00  3.4254E-05  3.8598E-04  0.0000E+00 -1.2396E-10
    112  2.8743E-02  1.0000E+00  1.4483E+04 -1.7619E-01 -4.5860E-02  7.8343E+02  7.7911E+02 -1.3358E-02 -1.4758E-02  0.0000E+00  2.5005E-02  6.8416E-06  8.8086E-02  8.8117E-02  0.0000E+00  1.2580E-03  5.1857E-04  0.0000E+00 -1.0720E-10
    113  3.0881E-02  1.0000E+00  1.4483E+04 -1.8292E-01 -4.1249E-02  8.1346E+02  8.0843E+02 -1.5474E-02 -1.4197E-02  0.0000E+00  2.2490E-02  7.9991E-06  9.1466E-02  9.1487E-02  0.0000E+00  3.4980E-04  1.6436E-04  0.0000E+00 -9.2499E-11
    114  3.3178E-02  1.0000E+00  1.4483E+04 -1.8973E-01 -3.7065E-02  8.4381E+02  8.3815E+02 -1.1831E-02 -1.2631E-02  0.0000E+00  2.0209E-02  8.9225E-06  9.4852E-02  9.4876E-02  0.0000E+00  1.7950E-04  3.9547E-04  0.0000E+00 -8.0095E-11
    115  3.5646E-02  1.0000E+00  1.4483E+04 -1.9701E-01 -3.3343E-02  8.7623E+02  8.7012E+02 -1.1626E-02 -1.1196E-02  0.0000E+00  1.8180E-02  9.4681E-06  9.8524E-02  9.8529E-02  0.0000E+00  4.6341E-04  1.2730E-04  0.0000E+00 -6.8512E-11
    116  3.8297E-02  1.0000E+00  1.4483E+04 -2.0522E-01 -3.0089E-02  9.1273E+02  9.0639E+02 -1.0602E-02 -1.0318E-02  0.0000E+00  1.6406E-02  9.5143E-06  1.0263E-01  1.0263E-01  0.0000E+00  4.6857E-04  2.0106E-04  0.0000E+00 -5.8572E-11
    117  4.1146E-02  1.0000E+00  1.4483E+04 -2.1474E-01 -2.7277E-02  9.5503E+02  9.4875E+02 -9.1950E-03 -9.0999E-03  0.0000E+00  1.4873E-02  9.0074E-06  1.0737E-01  1.0737E-01  0.0000E+00 -3.4690E-07  3.7889E-05  0.0000E+00 -4.9535E-11
    118  4.4206E-02  1.0000E+00  1.4483E+04 -2.2576E-01 -2.4844E-02  1.0039E+03  9.9797E+02 -7.1366E-03 -8.3607E-03  0.0000E+00  1.3546E-02  8.0123E-06  1.1288E-01  1.1288E-01  0.0000E+00 -6.0107E-05  2.3716E-05  0.0000E+00 -4.1978E-11
    119  4.7495E-02  1.0000E+00  1.4483E+04 -2.3806E-01 -2.2695E-02  1.0585E+03  1.0530E+03 -7.6674E-03 -8.0092E-03  0.0000E+00  1.2374E-02  6.7536E-06  1.1903E-01  1.1904E-01  0.0000E+00  2.2067E-04  1.9454E-04  0.0000E+00 -3.5488E-11
    120  5.1027E-02  1.0000E+00  1.4483E+04 -2.5093E-01 -2.0725E-02  1.1156E+03  1.1106E+03 -7.1372E-03 -7.1012E-03  0.0000E+00  1.1300E-02  5.6137E-06  1.2547E-01  1.2547E-01  0.0000E+00  2.3171E-04  1.4421E-04  0.0000E+00 -3.1298E-11
    121  5.4823E-02  1.0000E+00  1.4483E+04 -2.6320E-01 -1.8833E-02  1.1701E+03  1.1654E+03 -6.2144E-03 -6.5914E-03  0.0000E+00  1.0268E-02  5.0579E-06  1.3162E-01  1.3161E-01  0.0000E+00  5.5781E-05  1.4117E-04  0.0000E+00 -2.8341E-11
    122  5.8900E-02  1.0000E+00  1.4483E+04 -2.7360E-01 -1.6959E-02  1.2162E+03  1.2114E+03 -6.3118E-03 -5.6967E-03  0.0000E+00  9.2469E-03  5.4673E-06  1.3681E-01  1.3680E-01  0.0000E+00  1.2305E-04  9.4477E-05  0.0000E+00 -2.5795E-11
    123  6.3281E-02  1.0000E+00  1.4483E+04 -2.8129E-01 -1.5106E-02  1.2505E+03  1.2450E+03 -5.6733E-03 -5.0363E-03  0.0000E+00  8.2361E-03  6.9101E-06  1.4065E-01  1.4065E-01  0.0000E+00  1.6036E-04  3.2834E-05  0.0000E+00 -1.9305E-11
    124  6.7988E-02  1.0000E+00  1.4483E+04 -2.8658E-01 -1.3332E-02  1.2742E+03  1.2676E+03 -4.7381E-03 -4.6028E-03  0.0000E+00  7.2694E-03  8.9622E-06  1.4329E-01  1.4329E-01  0.0000E+00  1.1259E-04  6.7760E-05  0.0000E+00 -1.9880E-11
    125  7.3045E-02  1.0000E+00  1.4483E+04 -2.9116E-01 -1.1735E-02  1.2947E+03  1.2872E+03 -4.0043E-03 -4.0101E-03  0.0000E+00  6.3984E-03  1.0749E-05  1.4557E-01  1.4559E-01  0.0000E+00 -3.2806E-05  8.9152E-05  0.0000E+00 -1.6923E-11
    126  7.8478E-02  1.0000E+00  1.4483E+04 -2.9750E-01 -1.0388E-02  1.3229E+03  1.3149E+03 -3.3663E-03 -3.4639E-03  0.0000E+00  5.6638E-03  1.1346E-05  1.4876E-01  1.4875E-01  0.0000E+00  4.6407E-05  2.4258E-05  0.0000E+00 -1.6430E-11
    127  8.4316E-02  1.0000E+00  1.4483E+04 -3.0721E-01 -9.2929E-03  1.3660E+03  1.3583E+03 -3.3132E-03 -3.1153E-03  0.0000E+00  5.0669E-03  1.0449E-05  1.5360E-01  1.5361E-01  0.0000E+00  8.2693E-05  8.6378E-05  0.0000E+00 -1.2487E-11
    128  9.0587E-02  1.0000E+00  1.4483E+04 -3.1939E-01 -8.3700E-03  1.4200E+03  1.4130E+03 -3.0094E-03 -2.8540E-03  0.0000E+00  4.5636E-03  8.8447E-06  1.5971E-01  1.5969E-01  0.0000E+00  2.5753E-05  3.2460E-05  0.0000E+00 -1.0351E-11
    129  9.7325E-02  1.0000E+00  1.4483E+04 -3.3062E-01 -7.5060E-03  1.4699E+03  1.4632E+03 -2.5258E-03 -2.5702E-03  0.0000E+00  4.0926E-03  8.0549E-06  1.6531E-01  1.6531E-01  0.0000E+00  3.4533E-05  4.6907E-05  0.0000E+00 -8.5434E-12
    130  1.0456E-01  1.0000E+00  1.4483E+04 -3.3771E-01 -6.6423E-03  1.5015E+03  1.4943E+03 -2.2356E-03 -2.2611E-03  0.0000E+00  3.6217E-03  9.0167E-06  1.6886E-01  1.6886E-01  0.0000E+00  9.7733E-06  3.7846E-06  0.0000E+00 -3.6145E-12
    131  1.1234E-01  1.0000E+00  1.4483E+04 -3.4143E-01 -5.8178E-03  1.5181E+03  1.5101E+03 -2.0788E-03 -1.9280E-03  0.0000E+00  3.1721E-03  1.0888E-05  1.7072E-01  1.7072E-01  0.0000E+00  4.7036E-05  2.4613E-05  0.0000E+00 -6.2433E-12
    132  1.2070E-01  1.0000E+00  1.4483E+04 -3.4638E-01 -5.1132E-03  1.5402E+03  1.5316E+03 -1.6964E-03 -1.7499E-03  0.0000E+00  2.7879E-03  1.1690E-05  1.7319E-01  1.7320E-01  0.0000E+00  2.6902E-05  1.5490E-05  0.0000E+00 -3.6145E-12
    133  1.2967E-01  1.0000E+00  1.4483E+04 -3.5542E-01 -4.5453E-03  1.5803E+03  1.5720E+03 -1.5188E-03 -1.5882E-03  0.0000E+00  2.4783E-03  1.0775E-05  1.7771E-01  1.7771E-01  0.0000E+00  2.1536E-05  4.4850E-06  0.0000E+00 -6.2433E-12
    134  1.3932E-01  1.0000E+00  1.4483E+04 -3.6511E-01 -4.0451E-03  1.6233E+03  1.6154E+03 -1.3935E-03 -1.3701E-03  0.0000E+00  2.2055E-03  9.9553E-06  1.8256E-01  1.8256E-01  0.0000E+00  2.7860E-05  1.1960E-05  0.0000E+00 -4.4360E-12
    135  1.4968E-01  1.0000E+00  1.4483E+04 -3.7075E-01 -3.5586E-03  1.6484E+03  1.6401E+03 -1.2810E-03 -1.2060E-03  0.0000E+00  1.9403E-03  1.0779E-05  1.8538E-01  1.8538E-01  0.0000E+00  2.4315E-05  5.7387E-06  0.0000E+00 -1.3144E-12
    136  1.6082E-01  1.0000E+00  1.4483E+04 -3.7467E-01 -3.1154E-03  1.6659E+03  1.6570E+03 -1.0173E-03 -1.0777E-03  0.0000E+00  1.6987E-03  1.1809E-05  1.8733E-01  1.8733E-01  0.0000E+00  1.0079E-05  1.4410E-05  0.0000E+00 -6.4076E-12
    137  1.7278E-01  1.0000E+00  1.4483E+04 -3.8162E-01 -2.7491E-03  1.6968E+03  1.6880E+03 -9.4754E-04 -9.3040E-04  0.0000E+00  1.4989E-03  1.1435E-05  1.9081E-01  1.9082E-01  0.0000E+00  1.5016E-05  1.5285E-05  0.0000E+00  4.9289E-12
    138  1.8563E-01  1.0000E+00  1.4483E+04 -3.8887E-01 -2.4269E-03  1.7290E+03  1.7203E+03 -8.2894E-04 -8.4523E-04  0.0000E+00  1.3232E-03  1.1167E-05  1.9444E-01  1.9443E-01  0.0000E+00  1.1200E-05  2.5833E-06  0.0000E+00 -1.9716E-12
    139  1.9944E-01  1.0000E+00  1.4483E+04 -3.9322E-01 -2.1260E-03  1.7483E+03  1.7393E+03 -6.9576E-04 -7.3041E-04  0.0000E+00  1.1592E-03  1.1883E-05  1.9661E-01  1.9661E-01  0.0000E+00  1.6766E-05  1.1082E-05  0.0000E+00  4.9289E-13
    140  2.1427E-01  1.0000E+00  1.4483E+04 -3.9850E-01 -1.8665E-03  1.7718E+03  1.7626E+03 -6.6639E-04 -6.5152E-04  0.0000E+00  1.0177E-03  1.1949E-05  1.9925E-01  1.9925E-01  0.0000E+00  8.3527E-06  2.7250E-06  0.0000E+00  3.7788E-12
    141  2.3021E-01  1.0000E+00  1.4483E+04 -4.0435E-01 -1.6408E-03  1.7978E+03  1.7887E+03 -5.7302E-04 -5.6371E-04  0.0000E+00  8.9463E-04  1.1867E-05  2.0218E-01  2.0218E-01  0.0000E+00  6.5792E-06  1.0486E-05  0.0000E+00  1.3144E-12
    142  2.4733E-01  1.0000E+00  1.4483E+04 -4.0862E-01 -1.4365E-03  1.8168E+03  1.8074E+03 -4.8379E-04 -4.8328E-04  0.0000E+00  7.8322E-04  1.2262E-05  2.0431E-01  2.0431E-01  0.0000E+00  5.4452E-06  3.1740E-06  0.0000E+00 -5.2575E-12
    143  2.6573E-01  1.0000E+00  1.4483E+04 -4.1362E-01 -1.2597E-03  1.8390E+03  1.8296E+03 -4.2929E-04 -4.1687E-04  0.0000E+00  6.8683E-04  1.2246E-05  2.0681E-01  2.0681E-01  0.0000E+00  6.1840E-06  1.2439E-05  0.0000E+00 -1.6430E-13
    144  2.8549E-01  1.0000E+00  1.4483E+04 -4.1798E-01 -1.1028E-03  1.8585E+03  1.8489E+03 -3.7897E-04 -3.8202E-04  0.0000E+00  6.0130E-04  1.2445E-05  2.0899E-01  2.0899E-01  0.0000E+00  4.8447E-06  1.4288E-06  0.0000E+00  5.7504E-12
    145  3.0673E-01  1.0000E+00  1.4483E+04 -4.2225E-01 -9.6517E-04  1.8774E+03  1.8678E+03 -3.3455E-04 -3.1755E-04  0.0000E+00  5.2625E-04  1.2543E-05  2.1113E-01  2.1113E-01  0.0000E+00  4.2150E-06  3.9939E-06  0.0000E+00  4.9289E-12
    146  3.2954E-01  1.0000E+00  1.4483E+04 -4.2630E-01 -8.4418E-04  1.8954E+03  1.8857E+03 -2.9181E-04 -3.0340E-04  0.0000E+00  4.6028E-04  1.2678E-05  2.1315E-01  2.1315E-01  0.0000E+00  2.9816E-06  4.0296E-06  0.0000E+00  2.9573E-12
    147  3.5405E-01  1.0000E+00  1.4483E+04 -4.3018E-01 -7.3798E-04  1.9127E+03  1.9028E+03 -2.5447E-04 -2.5289E-04  0.0000E+00  4.0238E-04  1.2779E-05  2.1509E-01  2.1509E-01  0.0000E+00  3.0560E-06  1.1889E-06  0.0000E+00  9.8578E-13
    148  3.8039E-01  1.0000E+00  1.4483E+04 -4.3383E-01 -6.4476E-04  1.9289E+03  1.9190E+03 -2.2301E-04 -2.1384E-04  0.0000E+00  3.5155E-04  1.2900E-05  2.1691E-01  2.1691E-01  0.0000E+00  2.6629E-06  3.5996E-06  0.0000E+00  4.9289E-13
    149  4.0868E-01  1.0000E+00  1.4483E+04 -4.3733E-01 -5.6309E-04  1.9445E+03  1.9345E+03 -1.9440E-04 -1.8952E-04  0.0000E+00  3.0702E-04  1.2997E-05  2.1867E-01  2.1867E-01  0.0000E+00  2.3701E-06  1.6365E-06  0.0000E+00  8.3791E-12
    150  4.3908E-01  1.0000E+00  1.4483E+04 -4.4064E-01 -4.9151E-04  1.9592E+03  1.9491E+03 -1.6918E-04 -1.6969E-04  0.0000E+00  2.6799E-04  1.3099E-05  2.2032E-01  2.2032E-01  0.0000E+00  2.2013E-06  9.2667E-07  0.0000E+00 -3.6145E-12
    151  4.7174E-01  1.0000E+00  1.4483E+04 -4.4377E-01 -4.2884E-04  1.9731E+03  1.9630E+03 -1.4836E-04 -1.4974E-04  0.0000E+00  2.3382E-04  1.3194E-05  2.2189E-01  2.2189E-01  0.0000E+00  1.7141E-06  2.6097E-06  0.0000E+00  8.8720E-12
    152  5.0682E-01  1.0000E+00  1.4483E+04 -4.4675E-01 -3.7401E-04  1.9864E+03  1.9762E+03 -1.2928E-04 -1.3194E-04  0.0000E+00  2.0393E-04  1.3285E-05  2.2338E-01  2.2338E-01  0.0000E+00  1.5336E-06  1.1595E-06  0.0000E+00  2.7930E-12
    153  5.4452E-01  1.0000E+00  1.4483E+04 -4.4958E-01 -3.2607E-04  1.9989E+03  1.9887E+03 -1.1251E-04 -1.1191E-04  0.0000E+00  1.7778E-04  1.3371E-05  2.2479E-01  2.2479E-01  0.0000E+00  1.3750E-06  1.2937E-06  0.0000E+00  1.1994E-11
    154  5.8502E-01  1.0000E+00  1.4483E+04 -4.5225E-01 -2.8416E-04  2.0108E+03  2.0005E+03 -9.8272E-05 -9.6134E-05  0.0000E+00  1.5494E-04  1.3455E-05  2.2613E-01  2.2613E-01  0.0000E+00  1.1444E-06  2.4100E-06  0.0000E+00  9.3649E-12
    155  6.2854E-01  1.0000E+00  1.4483E+04 -4.5478E-01 -2.4756E-04  2.0221E+03  2.0117E+03 -8.5530E-05 -8.2073E-05  0.0000E+00  1.3498E-04  1.3534E-05  2.2739E-01  2.2739E-01  0.0000E+00  1.0150E-06  9.5238E-07  0.0000E+00  9.8578E-12
    156  6.7529E-01  1.0000E+00  1.4483E+04 -4.5718E-01 -2.1559E-04  2.0327E+03  2.0223E+03 -7.4472E-05 -7.3291E-05  0.0000E+00  1.1755E-04  1.3611E-05  2.2859E-01  2.2859E-01  0.0000E+00  8.8741E-07  1.0995E-06  0.0000E+00  8.0505E-12
    157  7.2552E-01  1.0000E+00  1.4483E+04 -4.5944E-01 -1.8770E-04  2.0428E+03  2.0323E+03 -6.4618E-05 -6.4986E-05  0.0000E+00  1.0234E-04  1.3685E-05  2.2972E-01  2.2972E-01  0.0000E+00  8.2747E-07  1.1732E-06  0.0000E+00  2.0866E-11
    158  7.7948E-01  1.0000E+00  1.4483E+04 -4.6158E-01 -1.6337E-04  2.0523E+03  2.0417E+03 -5.6279E-05 -5.4538E-05  0.0000E+00  8.9075E-05  1.3756E-05  2.3079E-01  2.3079E-01  0.0000E+00  7.1081E-07  6.2494E-07  0.0000E+00  1.3144E-11
    159  8.3746E-01  1.0000E+00  1.4483E+04 -4.6360E-01 -1.4215E-04  2.0613E+03  2.0507E+03 -4.8891E-05 -5.0123E-05  0.0000E+00  7.7506E-05  1.3825E-05  2.3180E-01  2.3180E-01  0.0000E+00  6.3791E-07  2.9385E-07  0.0000E+00  1.1336E-11
    160  8.9975E-01  1.0000E+00  1.4483E+04 -4.6551E-01 -1.2366E-04  2.0698E+03  2.0591E+03 -4.2698E-05 -4.3727E-05  0.0000E+00  6.7422E-05  1.3892E-05  2.3275E-01  2.3275E-01  0.0000E+00  5.1301E-07  7.1608E-07  0.0000E+00  9.0363E-12
    161  9.6667E-01  1.0000E+00  1.4483E+04 -4.6731E-01 -1.0754E-04  2.0778E+03  2.0671E+03 -3.7043E-05 -3.6625E-05  0.0000E+00  5.8636E-05  1.3958E-05  2.3365E-01  2.3365E-01  0.0000E+00  4.6893E-07  3.2744E-07  0.0000E+00  1.8073E-11
    162  1.0386E+00  1.0000E+00  1.4483E+04 -4.6901E-01 -9.3506E-05  2.0853E+03  2.0746E+03 -3.2264E-05 -3.2665E-05  0.0000E+00  5.0983E-05  1.4023E-05  2.3450E-01  2.3450E-01  0.0000E+00  3.9388E-07  6.2399E-07  0.0000E+00  1.7580E-11
    163  1.1158E+00  1.0000E+00  1.4483E+04 -4.7061E-01 -8.1284E-05  2.0924E+03  2.0817E+03 -2.8080E-05 -2.8161E-05  0.0000E+00  4.4319E-05  1.4087E-05  2.3530E-01  2.3530E-01  0.0000E+00  3.3416E-07  1.5336E-07  0.0000E+00  1.1501E-11
    164  1.1988E+00  1.0000E+00  1.4483E+04 -4.7212E-01 -7.0644E-05  2.0992E+03  2.0884E+03 -2.4403E-05 -2.4924E-05  0.0000E+00  3.8518E-05  1.4151E-05  2.3606E-01  2.3606E-01  0.0000E+00  2.9081E-07  2.3762E-07  0.0000E+00  1.3472E-11
    165  1.2880E+00  1.0000E+00  1.4483E+04 -4.7354E-01 -6.1386E-05  2.1055E+03  2.0947E+03 -2.1191E-05 -2.0153E-05  0.0000E+00  3.3470E-05  1.4215E-05  2.3677E-01  2.3677E-01  0.0000E+00  2.5606E-07  4.1745E-08  0.0000E+00  1.1501E-11
    166  1.3838E+00  1.0000E+00  1.4483E+04 -4.7488E-01 -5.3331E-05  2.1114E+03  2.1006E+03 -1.8422E-05 -1.7470E-05  0.0000E+00  2.9078E-05  1.4281E-05  2.3744E-01  2.3744E-01  0.0000E+00  2.1953E-07  1.4521E-08  0.0000E+00  1.8730E-11
    167  1.4867E+00  1.0000E+00  1.4483E+04 -4.7614E-01 -4.6325E-05  2.1171E+03  2.1062E+03 -1.5988E-05 -1.5316E-05  0.0000E+00  2.5258E-05  1.4348E-05  2.3807E-01  2.3807E-01  0.0000E+00  1.9422E-07  2.5736E-07  0.0000E+00  1.8073E-11
    168  1.5973E+00  1.0000E+00  1.4483E+04 -4.7733E-01 -4.0233E-05  2.1223E+03  2.1114E+03 -1.3897E-05 -1.3450E-05  0.0000E+00  2.1937E-05  1.4418E-05  2.3867E-01  2.3867E-01  0.0000E+00  1.6597E-07  2.5266E-07  0.0000E+00  1.1665E-11
    169  1.7161E+00  1.0000E+00  1.4483E+04 -4.7845E-01 -3.4937E-05  2.1273E+03  2.1164E+03 -1.2042E-05 -1.1647E-05  0.0000E+00  1.9049E-05  1.4491E-05  2.3923E-01  2.3923E-01  0.0000E+00  1.5038E-07  1.4571E-07  0.0000E+00  1.4130E-11
    170  1.8437E+00  1.0000E+00  1.4483E+04 -4.7950E-01 -3.0334E-05  2.1320E+03  2.1210E+03 -1.0457E-05 -1.1325E-05  0.0000E+00  1.6539E-05  1.4569E-05  2.3975E-01  2.3975E-01  0.0000E+00  1.3023E-07  4.2302E-07  0.0000E+00  9.6935E-12
    171  1.9809E+00  1.0000E+00  1.4483E+04 -4.8050E-01 -2.6333E-05  2.1364E+03  2.1254E+03 -9.0928E-06 -8.8713E-06  0.0000E+00  1.4358E-05  1.4652E-05  2.4025E-01  2.4025E-01  0.0000E+00  1.0929E-07 -2.5035E-08  0.0000E+00  7.2290E-12
    172  2.1282E+00  1.0000E+00  1.4483E+04 -4.8143E-01 -2.2858E-05  2.1405E+03  2.1295E+03 -7.8815E-06 -8.6708E-06  0.0000E+00  1.2463E-05  1.4741E-05  2.4071E-01  2.4071E-01  0.0000E+00  9.7652E-08  4.1035E-07  0.0000E+00  2.0701E-11
    173  2.2865E+00  1.0000E+00  1.4483E+04 -4.8230E-01 -1.9838E-05  2.1444E+03  2.1334E+03 -6.8447E-06 -7.2889E-06  0.0000E+00  1.0817E-05  1.4838E-05  2.4115E-01  2.4115E-01  0.0000E+00  8.3677E-08  4.1752E-07  0.0000E+00  5.4218E-12
    174  2.4566E+00  1.0000E+00  1.4483E+04 -4.8313E-01 -1.7216E-05  2.1481E+03  2.1370E+03 -5.9400E-06 -5.7929E-06  0.0000E+00  9.3867E-06  1.4945E-05  2.4156E-01  2.4156E-01  0.0000E+00  7.2595E-08  1.6067E-07  0.0000E+00  1.1665E-11
    175  2.6393E+00  1.0000E+00  1.4483E+04 -4.8390E-01 -1.4938E-05  2.1515E+03  2.1405E+03 -5.1530E-06 -4.5078E-06  0.0000E+00  8.1450E-06  1.5064E-05  2.4195E-01  2.4195E-01  0.0000E+00  6.3297E-08 -2.3663E-07  0.0000E+00  1.2322E-11
    176  2.8356E+00  1.0000E+00  1.4483E+04 -4.8463E-01 -1.2961E-05  2.1548E+03  2.1437E+03 -4.4711E-06 -4.6489E-06  0.0000E+00  7.0669E-06  1.5195E-05  2.4231E-01  2.4231E-01  0.0000E+00  5.4875E-08  2.2698E-07  0.0000E+00  8.5434E-12
    177  3.0465E+00  1.0000E+00  1.4483E+04 -4.8531E-01 -1.1244E-05  2.1578E+03  2.1467E+03 -3.8799E-06 -3.3253E-06  0.0000E+00  6.1309E-06  1.5343E-05  2.4266E-01  2.4266E-01  0.0000E+00  4.7375E-08 -2.1726E-07  0.0000E+00 -4.6003E-12
    178  3.2732E+00  1.0000E+00  1.4483E+04 -4.8595E-01 -9.7543E-06  2.1607E+03  2.1495E+03 -3.3658E-06 -3.8364E-06  0.0000E+00  5.3184E-06  1.5509E-05  2.4298E-01  2.4298E-01  0.0000E+00  4.1064E-08  2.8911E-07  0.0000E+00  1.3637E-11
    179  3.5166E+00  1.0000E+00  1.4483E+04 -4.8655E-01 -8.4609E-06  2.1633E+03  2.1522E+03 -2.9192E-06 -2.7974E-06  0.0000E+00  4.6132E-06  1.5696E-05  2.4328E-01  2.4328E-01  0.0000E+00  3.5688E-08 -3.7785E-08  0.0000E+00  1.6430E-12
    180  3.7782E+00  1.0000E+00  1.4483E+04 -4.8712E-01 -7.3384E-06  2.1658E+03  2.1547E+03 -2.5328E-06 -2.0666E-06  0.0000E+00  4.0012E-06  1.5909E-05  2.4356E-01  2.4356E-01  0.0000E+00  3.0745E-08 -1.4317E-07  0.0000E+00  4.7646E-12
    181  4.0592E+00  1.0000E+00  1.4483E+04 -4.8765E-01 -6.3644E-06  2.1682E+03  2.1570E+03 -2.1964E-06 -1.9414E-06  0.0000E+00  3.4701E-06  1.6151E-05  2.4382E-01  2.4382E-01  0.0000E+00  2.6721E-08 -9.6415E-08  0.0000E+00  1.1336E-11
    182  4.3611E+00  1.0000E+00  1.4483E+04 -4.8814E-01 -5.5193E-06  2.1704E+03  2.1592E+03 -1.9048E-06 -1.4440E-06  0.0000E+00  3.0093E-06  1.6427E-05  2.4407E-01  2.4407E-01  0.0000E+00  2.3165E-08 -1.8390E-07  0.0000E+00  3.2859E-12
    183  4.6855E+00  1.0000E+00  1.4483E+04 -4.8861E-01 -4.7861E-06  2.1725E+03  2.1613E+03 -1.6518E-06 -1.3580E-06  0.0000E+00  2.6096E-06  1.6743E-05  2.4431E-01  2.4430E-01  0.0000E+00  2.0089E-08 -1.3752E-07  0.0000E+00 -5.2575E-12
    184  5.0340E+00  1.0000E+00  1.4483E+04 -4.8905E-01 -4.1501E-06  2.1744E+03  2.1632E+03 -1.4322E-06 -1.7438E-06  0.0000E+00  2.2628E-06  1.7105E-05  2.4452E-01  2.4452E-01  0.0000E+00  1.7442E-08  1.9218E-07  0.0000E+00  1.8401E-11
    185  5.4084E+00  1.0000E+00  1.4483E+04 -4.8946E-01 -3.5984E-06  2.1762E+03  2.1650E+03 -1.2418E-06 -1.3783E-06  0.0000E+00  1.9620E-06  1.7519E-05  2.4473E-01  2.4473E-01  0.0000E+00  1.5113E-08  9.8055E-08  0.0000E+00  1.5937E-11
    186  5.8107E+00  1.0000E+00  1.4483E+04 -4.8984E-01 -3.1198E-06  2.1779E+03  2.1667E+03 -1.0766E-06 -8.6874E-07  0.0000E+00  1.7010E-06  1.7996E-05  2.4492E-01  2.4492E-01  0.0000E+00  1.3110E-08 -7.6187E-08  0.0000E+00  1.9716E-12
    187  6.2429E+00  1.0000E+00  1.4483E+04 -4.9020E-01 -2.7048E-06  2.1795E+03  2.1682E+03 -9.3341E-07 -1.1732E-06  0.0000E+00  1.4747E-06  1.8544E-05  2.4510E-01  2.4510E-01  0.0000E+00  1.1362E-08  1.4120E-07  0.0000E+00  1.4951E-11
    188  6.7073E+00  1.0000E+00  1.4483E+04 -4.9053E-01 -2.3448E-06  2.1810E+03  2.1697E+03 -8.0920E-07 -6.7532E-07  0.0000E+00  1.2785E-06  1.9174E-05  2.4527E-01  2.4527E-01  0.0000E+00  9.8505E-09 -4.4233E-08  0.0000E+00  1.1501E-12
    189  7.2062E+00  1.0000E+00  1.4483E+04 -4.9085E-01 -2.0327E-06  2.1824E+03  2.1711E+03 -7.0148E-07 -9.3726E-07  0.0000E+00  1.1083E-06  1.9899E-05  2.4542E-01  2.4542E-01  0.0000E+00  8.5397E-09  1.3239E-07  0.0000E+00  5.2575E-12
    190  7.7422E+00  1.0000E+00  1.4483E+04 -4.9114E-01 -1.7620E-06  2.1837E+03  2.1723E+03 -6.0807E-07 -3.5251E-07  0.0000E+00  9.6073E-07  2.0734E-05  2.4557E-01  2.4557E-01  0.0000E+00  7.4026E-09 -1.1693E-07  0.0000E+00 -4.9289E-13
    191  8.3180E+00  1.0000E+00  1.4483E+04 -4.9141E-01 -1.5273E-06  2.1850E+03  2.1735E+03 -5.2709E-07 -5.4748E-07  0.0000E+00  8.3277E-07  2.1697E-05  2.4571E-01  2.4570E-01  0.0000E+00  6.4169E-09  2.2399E-08  0.0000E+00 -1.3144E-12
    192  8.9367E+00  1.0000E+00  1.4483E+04 -4.9166E-01 -1.3239E-06  2.1861E+03  2.1746E+03 -4.5687E-07 -2.3423E-07  0.0000E+00  7.2183E-07  2.2806E-05  2.4583E-01  2.4583E-01  0.0000E+00  5.5622E-09 -1.0817E-07  0.0000E+00  1.3801E-11
    193  9.6014E+00  1.0000E+00  1.4483E+04 -4.9190E-01 -1.1475E-06  2.1871E+03  2.1756E+03 -3.9599E-07 -6.3572E-07  0.0000E+00  6.2564E-07  2.4085E-05  2.4595E-01  2.4595E-01  0.0000E+00  4.8210E-09  1.3212E-07  0.0000E+00  4.6003E-12
    194  1.0316E+01  1.0000E+00  1.4483E+04 -4.9212E-01 -9.9452E-07  2.1881E+03  2.1766E+03 -3.4321E-07 -8.1854E-08  0.0000E+00  5.4225E-07  2.5560E-05  2.4606E-01  2.4606E-01  0.0000E+00  4.1786E-09 -1.2507E-07  0.0000E+00 -2.0373E-11
    195  1.1083E+01  1.0000E+00  1.4483E+04 -4.9232E-01 -8.6194E-07  2.1890E+03  2.1774E+03 -2.9746E-07 -9.9612E-08  0.0000E+00  4.6996E-07  2.7262E-05  2.4616E-01  2.4616E-01  0.0000E+00  3.6215E-09 -8.9582E-08  0.0000E+00 -4.9289E-13
    196  1.1907E+01  1.0000E+00  1.4483E+04 -4.9251E-01 -7.4701E-07  2.1898E+03  2.1782E+03 -2.5779E-07 -3.9161E-07  0.0000E+00  4.0730E-07  2.9225E-05  2.4625E-01  2.4625E-01  0.0000E+00  3.1387E-09  7.0937E-08  0.0000E+00  9.6935E-12
    197  1.2793E+01  1.0000E+00  1.4483E+04 -4.9268E-01 -6.4738E-07  2.1906E+03  2.1789E+03 -2.2341E-07 -1.0186E-07  0.0000E+00  3.5298E-07  3.1489E-05  2.4634E-01  2.4634E-01  0.0000E+00  2.7202E-09 -5.5117E-08  0.0000E+00 -1.0515E-11
    198  1.3744E+01  1.0000E+00  1.4483E+04 -4.9283E-01 -5.6102E-07  2.1913E+03  2.1795E+03 -1.9361E-07 -8.9582E-08  0.0000E+00  3.0589E-07  3.4102E-05  2.4642E-01  2.4641E-01  0.0000E+00  2.3574E-09 -4.5551E-08  0.0000E+00 -7.3933E-12
    199  1.4767E+01  1.0000E+00  1.4483E+04 -4.9297E-01 -4.8617E-07  2.1920E+03  2.1801E+03 -1.6778E-07 -2.6522E-07  0.0000E+00  2.6508E-07  3.7116E-05  2.4649E-01  2.4648E-01  0.0000E+00  2.0430E-09  4.9878E-08  0.0000E+00 -1.2322E-11
    200  1.5865E+01  1.0000E+00  1.4483E+04 -4.9310E-01 -4.2129E-07  2.1925E+03  2.1805E+03 -1.4539E-07 -8.6805E-08  0.0000E+00  2.2970E-07  4.0595E-05  2.4655E-01  2.4655E-01  0.0000E+00  1.7704E-09 -2.4106E-08  0.0000E+00 -6.5719E-12
    201  1.7045E+01  1.0000E+00  1.4483E+04 -4.9321E-01 -3.6506E-07  2.1930E+03  2.1809E+03 -1.2599E-07 -1.3795E-07  0.0000E+00  1.9904E-07  4.4608E-05  2.4660E-01  2.4661E-01  0.0000E+00  1.5342E-09  9.0685E-09  0.0000E+00 -1.1994E-11
    202  1.8313E+01  1.0000E+00  1.4483E+04 -4.9330E-01 -3.1632E-07  2.1935E+03  2.1812E+03 -1.0917E-07  3.3663E-08  0.0000E+00  1.7247E-07  4.9238E-05  2.4665E-01  2.4665E-01  0.0000E+00  1.3295E-09 -6.9968E-08  0.0000E+00  1.3144E-11
    203  1.9675E+01  1.0000E+00  1.4483E+04 -4.9339E-01 -2.7409E-07  2.1939E+03  2.1815E+03 -9.4592E-08 -1.1697E-07  0.0000E+00  1.4944E-07  5.4581E-05  2.4669E-01  2.4670E-01  0.0000E+00  1.1521E-09  1.2238E-08  0.0000E+00  1.8894E-11
    204  2.1138E+01  1.0000E+00  1.4483E+04 -4.9345E-01 -2.3748E-07  2.1942E+03  2.1816E+03 -8.1960E-08  5.4249E-08  0.0000E+00  1.2948E-07  6.0746E-05  2.4673E-01  2.4673E-01  0.0000E+00  9.9829E-10 -6.6705E-08  0.0000E+00 -2.1359E-12
    205  2.2711E+01  1.0000E+00  1.4483E+04 -4.9350E-01 -2.0576E-07  2.1944E+03  2.1817E+03 -7.1012E-08 -7.7834E-08  0.0000E+00  1.1219E-07  6.7857E-05  2.4675E-01  2.4675E-01  0.0000E+00  8.6503E-10  4.5134E-09  0.0000E+00  2.4809E-11
    206  2.4400E+01  1.0000E+00  1.4483E+04 -4.9354E-01 -1.7827E-07  2.1946E+03  2.1816E+03 -6.1525E-08  5.8531E-08  0.0000E+00  9.7198E-08  7.6061E-05  2.4677E-01  2.4677E-01  0.0000E+00  7.4954E-10 -5.8184E-08  0.0000E+00  1.8566E-11
    207  2.6215E+01  1.0000E+00  1.4483E+04 -4.9355E-01 -1.5444E-07  2.1947E+03  2.1814E+03 -5.3304E-08  6.3861E-08  0.0000E+00  8.4209E-08  8.5525E-05  2.4678E-01  2.4678E-01  0.0000E+00  6.4946E-10 -5.7028E-08  0.0000E+00  9.6935E-12
    208  2.8165E+01  1.0000E+00  1.4483E+04 -4.9355E-01 -1.3380E-07  2.1947E+03  2.1812E+03 -4.6179E-08  1.8010E-08  0.0000E+00  7.2952E-08  9.6440E-05  2.4677E-01  2.4678E-01  0.0000E+00  5.6273E-10 -3.0625E-08  0.0000E+00 -9.0363E-12
    209  3.0260E+01  1.0000E+00  1.4483E+04 -4.9352E-01 -1.1591E-07  2.1947E+03  2.1808E+03 -4.0005E-08 -9.9112E-08  0.0000E+00  6.3197E-08  1.0903E-04  2.4676E-01  2.4676E-01  0.0000E+00  4.8758E-10  3.0832E-08  0.0000E+00  2.4152E-11
    210  3.2510E+01  1.0000E+00  1.4483E+04 -4.9347E-01 -1.0040E-07  2.1945E+03  2.1802E+03 -3.4655E-08 -9.4518E-08  0.0000E+00  5.4745E-08  1.2354E-04  2.4674E-01  2.4674E-01  0.0000E+00  4.2245E-10  3.0741E-08  0.0000E+00  2.0701E-11
    211  3.4929E+01  1.0000E+00  1.4483E+04 -4.9340E-01 -8.6969E-08  2.1943E+03  2.1795E+03 -3.0019E-08  5.9091E-08  0.0000E+00  4.7420E-08  1.4028E-04  2.4670E-01  2.4670E-01  0.0000E+00  3.6602E-10 -4.3508E-08  0.0000E+00  3.7624E-11
    212  3.7526E+01  1.0000E+00  1.4483E+04 -4.9330E-01 -7.5329E-08  2.1939E+03  2.1786E+03 -2.6002E-08 -4.3522E-08  0.0000E+00  4.1073E-08  1.5956E-04  2.4665E-01  2.4665E-01  0.0000E+00  3.1712E-10  9.4301E-09  0.0000E+00  3.2038E-11
    213  4.0318E+01  1.0000E+00  1.4483E+04 -4.9317E-01 -6.5242E-08  2.1934E+03  2.1774E+03 -2.2521E-08  5.1765E-08  0.0000E+00  3.5574E-08  1.8179E-04  2.4659E-01  2.4659E-01  0.0000E+00  2.7475E-10 -3.6752E-08  0.0000E+00  8.3791E-12
    214  4.3317E+01  1.0000E+00  1.4483E+04 -4.9301E-01 -5.6502E-08  2.1928E+03  2.1761E+03 -1.9505E-08 -8.2657E-08  0.0000E+00  3.0808E-08  2.0740E-04  2.4650E-01  2.4651E-01  0.0000E+00  2.3803E-10  3.2120E-08  0.0000E+00  9.3649E-12
    215  4.6538E+01  1.0000E+00  1.4483E+04 -4.9281E-01 -4.8929E-08  2.1920E+03  2.1745E+03 -1.6892E-08  5.0859E-08  0.0000E+00  2.6679E-08  2.3689E-04  2.4640E-01  2.4640E-01  0.0000E+00  2.0622E-10 -3.3508E-08  0.0000E+00 -1.3308E-11
    216  5.0000E+01  1.0000E+00  1.4483E+04 -4.9256E-01 -4.2367E-08  2.1910E+03  2.1726E+03 -1.4627E-08  4.5008E-08  0.0000E+00  2.3101E-08  2.7085E-04  2.4628E-01  2.4628E-01  0.0000E+00  1.7865E-10 -2.9598E-08  0.0000E+00 -2.2673E-11
