4.490000E-02 2.220000E-01 7.331000E-01 0.000000E+00
1.000000E+02 2.752000E+00 2.480000E-01  3   0   2
      1  2.1333E-01  1.0000E+00  1.0242E+04 -9.0407E-01 -6.0765E-03  2.8256E+03  2.8120E+03 -2.1745E-03 -2.1671E-03  0.0000E+00  3.3131E-03  2.5137E-05  4.5204E-01  4.5203E-01  0.0000E+00  8.7931E-06  5.1185E-06  0.0000E+00 -5.3592E-12
      2  4.2667E-01  1.0000E+00  1.0242E+04 -1.0754E+00 -1.8070E-03  3.3610E+03  3.3455E+03 -6.4986E-04 -6.5626E-04  0.0000E+00  9.8525E-04  2.7741E-05  5.3770E-01  5.3770E-01  0.0000E+00  1.0960E-06  4.2922E-06  0.0000E+00  8.1200E-13
      3  6.4000E-01  1.0000E+00  1.0242E+04 -1.1461E+00 -8.5592E-04  3.5820E+03  3.5654E+03 -3.0844E-04 -3.0992E-04  0.0000E+00  4.6668E-04  2.9713E-05  5.7305E-01  5.7305E-01  0.0000E+00  3.3113E-07  1.0742E-06  0.0000E+00  1.3154E-11
      4  8.5333E-01  1.0000E+00  1.0242E+04 -1.1860E+00 -4.9823E-04  3.7068E+03  3.6897E+03 -1.7973E-04 -1.7893E-04  0.0000E+00  2.7166E-04  3.0757E-05  5.9302E-01  5.9302E-01  0.0000E+00  1.4451E-07 -2.5473E-07  0.0000E+00 -6.9832E-12
      5  1.0667E+00  1.0000E+00  1.0242E+04 -1.2118E+00 -3.2579E-04  3.7872E+03  3.7697E+03 -1.1760E-04 -1.1655E-04  0.0000E+00  1.7763E-04  3.1458E-05  6.0589E-01  6.0589E-01  0.0000E+00  7.5616E-08 -4.4995E-07  0.0000E+00  9.2568E-12
      6  1.2800E+00  1.0000E+00  1.0242E+04 -1.2298E+00 -2.2961E-04  3.8436E+03  3.8258E+03 -8.2919E-05 -8.2060E-05  0.0000E+00  1.2519E-04  3.1972E-05  6.1491E-01  6.1491E-01  0.0000E+00  4.4417E-08 -3.8495E-07  0.0000E+00  6.4960E-12
      7  1.4933E+00  1.0000E+00  1.0242E+04 -1.2432E+00 -1.7053E-04  3.8855E+03  3.8675E+03 -6.1602E-05 -6.0955E-05  0.0000E+00  9.2980E-05  3.2377E-05  6.2161E-01  6.2161E-01  0.0000E+00  2.8281E-08 -2.9553E-07  0.0000E+00  1.8189E-11
      8  1.7067E+00  1.0000E+00  1.0242E+04 -1.2536E+00 -1.3165E-04  3.9179E+03  3.8997E+03 -4.7568E-05 -4.7151E-05  0.0000E+00  7.1781E-05  3.2713E-05  6.2679E-01  6.2678E-01  0.0000E+00  1.9104E-08 -1.8937E-07  0.0000E+00 -7.7952E-12
      9  1.9200E+00  1.0000E+00  1.0242E+04 -1.2618E+00 -1.0471E-04  3.9437E+03  3.9254E+03 -3.7839E-05 -3.7685E-05  0.0000E+00  5.7089E-05  3.3005E-05  6.3092E-01  6.3091E-01  0.0000E+00  1.3507E-08 -6.3352E-08  0.0000E+00  2.5172E-11
     10  2.1333E+00  1.0000E+00  1.0242E+04 -1.2686E+00 -8.5265E-05  3.9648E+03  3.9464E+03 -3.0816E-05 -3.1020E-05  0.0000E+00  4.6490E-05  3.3269E-05  6.3429E-01  6.3429E-01  0.0000E+00  1.0314E-08  7.2572E-08  0.0000E+00  3.0856E-12
     11  2.3467E+00  1.0000E+00  1.0242E+04 -1.2742E+00 -7.0780E-05  3.9824E+03  3.9639E+03 -2.5585E-05 -2.6000E-05  0.0000E+00  3.8592E-05  3.3513E-05  6.3711E-01  6.3710E-01  0.0000E+00  7.5609E-09  2.1841E-07  0.0000E+00  2.5984E-12
     12  2.5600E+00  1.0000E+00  1.0242E+04 -1.2790E+00 -5.9697E-05  3.9973E+03  3.9788E+03 -2.1581E-05 -2.2139E-05  0.0000E+00  3.2549E-05  3.3744E-05  6.3949E-01  6.3949E-01  0.0000E+00  5.8153E-09  2.9109E-07  0.0000E+00 -1.9001E-11
     13  2.7733E+00  1.0000E+00  1.0242E+04 -1.2831E+00 -5.1029E-05  4.0100E+03  3.9915E+03 -1.8449E-05 -1.8828E-05  0.0000E+00  2.7823E-05  3.3968E-05  6.4153E-01  6.4153E-01  0.0000E+00  4.5853E-09  1.9046E-07  0.0000E+00  6.3336E-12
     14  2.9867E+00  1.0000E+00  1.0242E+04 -1.2866E+00 -4.4121E-05  4.0211E+03  4.0025E+03 -1.5953E-05 -1.5935E-05  0.0000E+00  2.4056E-05  3.4188E-05  6.4331E-01  6.4331E-01  0.0000E+00  3.6870E-09 -2.2627E-09  0.0000E+00  3.2480E-13
     15  3.2000E+00  1.0000E+00  1.0242E+04 -1.2897E+00 -3.8527E-05  4.0309E+03  4.0122E+03 -1.3931E-05 -1.3621E-05  0.0000E+00  2.1007E-05  3.4406E-05  6.4486E-01  6.4487E-01  0.0000E+00  3.0164E-09 -1.5385E-07  0.0000E+00 -1.0556E-11
     16  3.4133E+00  1.0000E+00  1.0242E+04 -1.2925E+00 -3.3934E-05  4.0395E+03  4.0208E+03 -1.2271E-05 -1.1837E-05  0.0000E+00  1.8502E-05  3.4625E-05  6.4624E-01  6.4624E-01  0.0000E+00  2.5053E-09 -2.1470E-07  0.0000E+00  2.3223E-11
     17  3.6267E+00  1.0000E+00  1.0242E+04 -1.2949E+00 -3.0116E-05  4.0471E+03  4.0284E+03 -1.0891E-05 -1.0576E-05  0.0000E+00  1.6420E-05  3.4845E-05  6.4746E-01  6.4746E-01  0.0000E+00  2.1096E-09 -1.5691E-07  0.0000E+00 -3.4104E-12
     18  3.8400E+00  1.0000E+00  1.0242E+04 -1.2971E+00 -2.6908E-05  4.0540E+03  4.0352E+03 -9.7311E-06 -9.6769E-06  0.0000E+00  1.4672E-05  3.5069E-05  6.4856E-01  6.4856E-01  0.0000E+00  1.7979E-09 -2.3580E-08  0.0000E+00  2.7608E-12
     19  4.0533E+00  1.0000E+00  1.0242E+04 -1.2991E+00 -2.4187E-05  4.0602E+03  4.0414E+03 -8.7459E-06 -8.9820E-06  0.0000E+00  1.3188E-05  3.5296E-05  6.4955E-01  6.4955E-01  0.0000E+00  1.8918E-09  1.2915E-07  0.0000E+00  6.8208E-12
     20  4.2667E+00  1.0000E+00  1.0242E+04 -1.3009E+00 -2.1859E-05  4.0658E+03  4.0470E+03 -7.9054E-06 -8.3102E-06  0.0000E+00  1.1919E-05  3.5529E-05  6.5045E-01  6.5045E-01  0.0000E+00  1.4011E-09  1.9265E-07  0.0000E+00 -4.3848E-12
     21  4.4800E+00  1.0000E+00  1.0242E+04 -1.3025E+00 -1.9852E-05  4.0709E+03  4.0521E+03 -7.1797E-06 -7.4744E-06  0.0000E+00  1.0824E-05  3.5767E-05  6.5127E-01  6.5127E-01  0.0000E+00  1.2046E-09  1.4267E-07  0.0000E+00 -8.1200E-13
     22  4.6933E+00  1.0000E+00  1.0242E+04 -1.3040E+00 -1.8109E-05  4.0756E+03  4.0567E+03 -6.5495E-06 -6.6031E-06  0.0000E+00  9.8738E-06  3.6012E-05  6.5202E-01  6.5202E-01  0.0000E+00  1.0580E-09  1.9102E-08  0.0000E+00 -9.7440E-12
     23  4.9067E+00  1.0000E+00  1.0242E+04 -1.3054E+00 -1.6586E-05  4.0799E+03  4.0610E+03 -5.9988E-06 -5.7764E-06  0.0000E+00  9.0434E-06  3.6263E-05  6.5271E-01  6.5271E-01  0.0000E+00  9.3923E-10 -1.1278E-07  0.0000E+00  7.6328E-12
     24  5.1200E+00  1.0000E+00  1.0242E+04 -1.3067E+00 -1.5248E-05  4.0839E+03  4.0649E+03 -5.5148E-06 -5.1622E-06  0.0000E+00  8.3136E-06  3.6521E-05  6.5335E-01  6.5335E-01  0.0000E+00  8.4032E-10 -1.7456E-07  0.0000E+00  1.7864E-11
     25  5.3333E+00  1.0000E+00  1.0242E+04 -1.3079E+00 -1.4065E-05  4.0876E+03  4.0686E+03 -5.0871E-06 -4.8735E-06  0.0000E+00  7.6687E-06  3.6786E-05  6.5393E-01  6.5393E-01  0.0000E+00  7.5670E-10 -1.0744E-07  0.0000E+00 -7.7952E-12
     26  5.5467E+00  1.0000E+00  1.0242E+04 -1.3090E+00 -1.3015E-05  4.0910E+03  4.0720E+03 -4.7073E-06 -4.7461E-06  0.0000E+00  7.0960E-06  3.7058E-05  6.5448E-01  6.5447E-01  0.0000E+00  6.8525E-10  1.9654E-08  0.0000E+00  7.4704E-12
     27  5.7600E+00  1.0000E+00  1.0242E+04 -1.3100E+00 -1.2078E-05  4.0941E+03  4.0751E+03 -4.3685E-06 -4.6349E-06  0.0000E+00  6.5852E-06  3.7339E-05  6.5498E-01  6.5498E-01  0.0000E+00  6.2363E-10  1.3381E-07  0.0000E+00 -1.4454E-11
     28  5.9733E+00  1.0000E+00  1.0242E+04 -1.3109E+00 -1.1239E-05  4.0971E+03  4.0781E+03 -4.0650E-06 -4.3569E-06  0.0000E+00  6.1277E-06  3.7627E-05  6.5546E-01  6.5546E-01  0.0000E+00  5.7017E-10  1.5417E-07  0.0000E+00  1.5428E-11
     29  6.1867E+00  1.0000E+00  1.0242E+04 -1.3118E+00 -1.0484E-05  4.0998E+03  4.0808E+03 -3.7919E-06 -3.9171E-06  0.0000E+00  5.7162E-06  3.7923E-05  6.5590E-01  6.5590E-01  0.0000E+00  5.6610E-10  6.7546E-08  0.0000E+00  2.3061E-11
     30  6.4000E+00  1.0000E+00  1.0242E+04 -1.3126E+00 -9.8028E-06  4.1024E+03  4.0834E+03 -3.5457E-06 -3.4002E-06  0.0000E+00  5.3449E-06  3.8228E-05  6.5631E-01  6.5631E-01  0.0000E+00  4.9804E-10 -7.4932E-08  0.0000E+00  1.9326E-11
     31  6.6133E+00  1.0000E+00  1.0242E+04 -1.3134E+00 -9.1860E-06  4.1049E+03  4.0858E+03 -3.3226E-06 -3.0212E-06  0.0000E+00  5.0086E-06  3.8541E-05  6.5670E-01  6.5670E-01  0.0000E+00  4.5410E-10 -1.5180E-07  0.0000E+00 -1.0556E-11
     32  6.8267E+00  1.0000E+00  1.0242E+04 -1.3141E+00 -8.6256E-06  4.1072E+03  4.0881E+03 -3.1200E-06 -2.8951E-06  0.0000E+00  4.7030E-06  3.8863E-05  6.5707E-01  6.5707E-01  0.0000E+00  4.1850E-10 -1.1123E-07  0.0000E+00 -1.9001E-11
     33  7.0400E+00  1.0000E+00  1.0242E+04 -1.3148E+00 -8.1151E-06  4.1093E+03  4.0902E+03 -2.9353E-06 -2.9756E-06  0.0000E+00  4.4246E-06  3.9193E-05  6.5741E-01  6.5741E-01  0.0000E+00  3.8792E-10  1.8086E-08  0.0000E+00 -1.6240E-13
     34  7.2533E+00  1.0000E+00  1.0242E+04 -1.3155E+00 -7.6485E-06  4.1113E+03  4.0922E+03 -2.7666E-06 -3.0049E-06  0.0000E+00  4.1703E-06  3.9532E-05  6.5774E-01  6.5774E-01  0.0000E+00  3.6103E-10  1.1876E-07  0.0000E+00  1.8514E-11
     35  7.4667E+00  1.0000E+00  1.0242E+04 -1.3161E+00 -7.2211E-06  4.1133E+03  4.0941E+03 -2.6120E-06 -2.8915E-06  0.0000E+00  3.9372E-06  3.9879E-05  6.5805E-01  6.5805E-01  0.0000E+00  3.3707E-10  1.3954E-07  0.0000E+00 -1.6727E-11
     36  7.6800E+00  1.0000E+00  1.0242E+04 -1.3167E+00 -6.8285E-06  4.1151E+03  4.0959E+03 -2.4700E-06 -2.5446E-06  0.0000E+00  3.7232E-06  4.0236E-05  6.5834E-01  6.5834E-01  0.0000E+00  3.1556E-10  3.6511E-08  0.0000E+00 -1.9650E-11
     37  7.8933E+00  1.0000E+00  1.0242E+04 -1.3172E+00 -6.4671E-06  4.1168E+03  4.0977E+03 -2.3393E-06 -2.1769E-06  0.0000E+00  3.5261E-06  4.0601E-05  6.5861E-01  6.5862E-01  0.0000E+00  2.9617E-10 -8.5887E-08  0.0000E+00  2.1112E-12
     38  8.1067E+00  1.0000E+00  1.0242E+04 -1.3178E+00 -6.1337E-06  4.1185E+03  4.0993E+03 -2.2185E-06 -1.9469E-06  0.0000E+00  3.3443E-06  4.0976E-05  6.5888E-01  6.5888E-01  0.0000E+00  3.2201E-10 -1.3669E-07  0.0000E+00 -9.4192E-12
     39  8.3200E+00  1.0000E+00  1.0242E+04 -1.3183E+00 -5.8253E-06  4.1200E+03  4.1008E+03 -2.1071E-06 -1.9959E-06  0.0000E+00  3.1762E-06  4.1359E-05  6.5913E-01  6.5913E-01  0.0000E+00  2.7591E-10 -5.7025E-08  0.0000E+00  6.4960E-12
     40  8.5333E+00  1.0000E+00  1.0242E+04 -1.3187E+00 -5.5397E-06  4.1215E+03  4.1023E+03 -2.0038E-06 -2.1215E-06  0.0000E+00  3.0205E-06  4.1752E-05  6.5937E-01  6.5936E-01  0.0000E+00  2.5465E-10  5.8603E-08  0.0000E+00 -1.7864E-12
     41  8.7467E+00  1.0000E+00  1.0242E+04 -1.3192E+00 -5.2746E-06  4.1229E+03  4.1037E+03 -1.9080E-06 -2.1528E-06  0.0000E+00  2.8759E-06  4.2154E-05  6.5959E-01  6.5959E-01  0.0000E+00  2.3858E-10  1.2416E-07  0.0000E+00  5.0344E-11
     42  8.9600E+00  1.0000E+00  1.0242E+04 -1.3196E+00 -5.0281E-06  4.1243E+03  4.1051E+03 -1.8188E-06 -1.9667E-06  0.0000E+00  2.7415E-06  4.2564E-05  6.5981E-01  6.5981E-01  0.0000E+00  2.2490E-10  7.3916E-08  0.0000E+00  2.7121E-11
     43  9.1733E+00  1.0000E+00  1.0242E+04 -1.3200E+00 -4.7984E-06  4.1256E+03  4.1063E+03 -1.7357E-06 -1.6224E-06  0.0000E+00  2.6163E-06  4.2985E-05  6.6002E-01  6.6002E-01  0.0000E+00  2.1277E-10 -5.4987E-08  0.0000E+00 -4.8720E-13
     44  9.3867E+00  1.0000E+00  1.0242E+04 -1.3204E+00 -4.5842E-06  4.1268E+03  4.1076E+03 -1.6582E-06 -1.3936E-06  0.0000E+00  2.4995E-06  4.3414E-05  6.6021E-01  6.6021E-01  0.0000E+00  2.0179E-10 -1.3111E-07  0.0000E+00 -3.2480E-12
     45  9.6000E+00  1.0000E+00  1.0242E+04 -1.3208E+00 -4.3840E-06  4.1280E+03  4.1087E+03 -1.5858E-06 -1.4389E-06  0.0000E+00  2.3903E-06  4.3852E-05  6.6040E-01  6.6040E-01  0.0000E+00  1.9174E-10 -7.4371E-08  0.0000E+00  3.4104E-11
     46  9.8133E+00  1.0000E+00  1.0242E+04 -1.3212E+00 -4.1966E-06  4.1292E+03  4.1099E+03 -1.5180E-06 -1.5706E-06  0.0000E+00  2.2881E-06  4.4300E-05  6.6059E-01  6.6058E-01  0.0000E+00  1.8251E-10  3.0896E-08  0.0000E+00  1.0394E-11
     47  1.0027E+01  1.0000E+00  1.0242E+04 -1.3215E+00 -4.0210E-06  4.1303E+03  4.1109E+03 -1.4537E-06 -1.6795E-06  0.0000E+00  2.1924E-06  4.4757E-05  6.6076E-01  6.6076E-01  0.0000E+00  3.7787E-10  1.1480E-07  0.0000E+00  1.1530E-11
     48  1.0240E+01  1.0000E+00  1.0242E+04 -1.3219E+00 -3.8561E-06  4.1313E+03  4.1120E+03 -1.3948E-06 -1.5820E-06  0.0000E+00  2.1025E-06  4.5224E-05  6.6093E-01  6.6093E-01  0.0000E+00  1.7852E-10  9.1903E-08  0.0000E+00  2.8258E-11
     49  1.0453E+01  1.0000E+00  1.0242E+04 -1.3222E+00 -3.7013E-06  4.1323E+03  4.1130E+03 -1.3388E-06 -1.2631E-06  0.0000E+00  2.0181E-06  4.5700E-05  6.6109E-01  6.6109E-01  0.0000E+00  1.6457E-10 -3.8121E-08  0.0000E+00  2.8420E-11
     50  1.0667E+01  1.0000E+00  1.0242E+04 -1.3225E+00 -3.5555E-06  4.1333E+03  4.1139E+03 -1.2861E-06 -1.0432E-06  0.0000E+00  1.9386E-06  4.6185E-05  6.6124E-01  6.6124E-01  0.0000E+00  1.5531E-10 -1.2098E-07  0.0000E+00  3.5728E-12
     51  1.0880E+01  1.0000E+00  1.0242E+04 -1.3228E+00 -3.4182E-06  4.1342E+03  4.1148E+03 -1.2365E-06 -1.0609E-06  0.0000E+00  1.8637E-06  4.6680E-05  6.6139E-01  6.6139E-01  0.0000E+00  1.4773E-10 -8.8179E-08  0.0000E+00  1.9488E-11
     52  1.1093E+01  1.0000E+00  1.0242E+04 -1.3231E+00 -3.2887E-06  4.1351E+03  4.1157E+03 -1.1896E-06 -1.2641E-06  0.0000E+00  1.7931E-06  4.7184E-05  6.6153E-01  6.6153E-01  0.0000E+00  1.4106E-10  3.7541E-08  0.0000E+00  3.6215E-11
     53  1.1307E+01  1.0000E+00  1.0242E+04 -1.3233E+00 -3.1664E-06  4.1360E+03  4.1166E+03 -1.1454E-06 -1.3504E-06  0.0000E+00  1.7265E-06  4.7697E-05  6.6167E-01  6.6167E-01  0.0000E+00  1.3503E-10  1.0280E-07  0.0000E+00  1.7864E-12
     54  1.1520E+01  1.0000E+00  1.0242E+04 -1.3236E+00 -3.0509E-06  4.1368E+03  4.1174E+03 -1.1036E-06 -1.2704E-06  0.0000E+00  1.6635E-06  4.8220E-05  6.6180E-01  6.6181E-01  0.0000E+00  1.2946E-10  8.2900E-08  0.0000E+00 -6.0088E-12
     55  1.1733E+01  1.0000E+00  1.0242E+04 -1.3239E+00 -2.9415E-06  4.1376E+03  4.1182E+03 -1.0641E-06 -1.0129E-06  0.0000E+00  1.6038E-06  4.8752E-05  6.6193E-01  6.6193E-01  0.0000E+00  1.2430E-10 -2.5570E-08  0.0000E+00 -6.0088E-12
     56  1.1947E+01  1.0000E+00  1.0242E+04 -1.3241E+00 -2.8379E-06  4.1384E+03  4.1189E+03 -1.0266E-06 -8.3789E-07  0.0000E+00  1.5473E-06  4.9294E-05  6.6206E-01  6.6206E-01  0.0000E+00  1.1948E-10 -9.6182E-08  0.0000E+00  3.9301E-11
     57  1.2160E+01  1.0000E+00  1.0242E+04 -1.3244E+00 -2.7397E-06  4.1391E+03  4.1197E+03 -9.9101E-07 -8.5306E-07  0.0000E+00  1.4938E-06  4.9845E-05  6.6218E-01  6.6217E-01  0.0000E+00  1.2790E-10 -6.9026E-08  0.0000E+00  2.7283E-11
     58  1.2373E+01  1.0000E+00  1.0242E+04 -1.3246E+00 -2.6465E-06  4.1398E+03  4.1204E+03 -9.5733E-07 -1.0354E-06  0.0000E+00  1.4430E-06  5.0406E-05  6.6229E-01  6.6229E-01  0.0000E+00  1.1611E-10  3.8548E-08  0.0000E+00 -1.7377E-11
     59  1.2587E+01  1.0000E+00  1.0242E+04 -1.3248E+00 -2.5580E-06  4.1405E+03  4.1210E+03 -9.2532E-07 -1.1264E-06  0.0000E+00  1.3947E-06  5.0976E-05  6.6240E-01  6.6240E-01  0.0000E+00  1.0978E-10  1.0093E-07  0.0000E+00  1.6240E-13
     60  1.2800E+01  1.0000E+00  1.0242E+04 -1.3250E+00 -2.4738E-06  4.1412E+03  4.1217E+03 -8.9488E-07 -1.0295E-06  0.0000E+00  1.3488E-06  5.1556E-05  6.6251E-01  6.6251E-01  0.0000E+00  1.0494E-10  6.7418E-08  0.0000E+00 -1.7702E-11
     61  1.3013E+01  1.0000E+00  1.0242E+04 -1.3252E+00 -2.3938E-06  4.1419E+03  4.1223E+03 -8.6592E-07 -7.8269E-07  0.0000E+00  1.3052E-06  5.2145E-05  6.6261E-01  6.6262E-01  0.0000E+00  1.0077E-10 -4.1957E-08  0.0000E+00 -9.7440E-13
     62  1.3227E+01  1.0000E+00  1.0242E+04 -1.3254E+00 -2.3175E-06  4.1425E+03  4.1230E+03 -8.3834E-07 -6.4508E-07  0.0000E+00  1.2636E-06  5.2744E-05  6.6272E-01  6.6272E-01  0.0000E+00  9.7022E-11 -9.6297E-08  0.0000E+00 -2.8258E-11
     63  1.3440E+01  1.0000E+00  1.0242E+04 -1.3256E+00 -2.2449E-06  4.1431E+03  4.1236E+03 -8.1206E-07 -7.2574E-07  0.0000E+00  1.2240E-06  5.3352E-05  6.6281E-01  6.6281E-01  0.0000E+00  9.3575E-11 -4.2735E-08  0.0000E+00  9.2568E-12
     64  1.3653E+01  1.0000E+00  1.0242E+04 -1.3258E+00 -2.1756E-06  4.1437E+03  4.1241E+03 -7.8700E-07 -9.0546E-07  0.0000E+00  1.1862E-06  5.3970E-05  6.6291E-01  6.6291E-01  0.0000E+00  9.0361E-11  5.8803E-08  0.0000E+00 -1.2830E-11
     65  1.3867E+01  1.0000E+00  1.0242E+04 -1.3260E+00 -2.1094E-06  4.1443E+03  4.1247E+03 -7.6308E-07 -9.4308E-07  0.0000E+00  1.1502E-06  5.4597E-05  6.6300E-01  6.6300E-01  0.0000E+00  8.7345E-11  9.0114E-08  0.0000E+00  4.0600E-12
     66  1.4080E+01  1.0000E+00  1.0242E+04 -1.3262E+00 -2.0463E-06  4.1448E+03  4.1252E+03 -7.4014E-07 -8.2200E-07  0.0000E+00  1.1157E-06  5.5234E-05  6.6309E-01  6.6309E-01  0.0000E+00  1.0608E-10  4.0265E-08  0.0000E+00  4.5635E-11
     67  1.4293E+01  1.0000E+00  1.0242E+04 -1.3264E+00 -1.9859E-06  4.1454E+03  4.1258E+03 -7.1837E-07 -5.8380E-07  0.0000E+00  1.0828E-06  5.5881E-05  6.6318E-01  6.6318E-01  0.0000E+00  8.7072E-11 -6.6470E-08  0.0000E+00  1.8838E-11
     68  1.4507E+01  1.0000E+00  1.0242E+04 -1.3265E+00 -1.9282E-06  4.1459E+03  4.1263E+03 -6.9750E-07 -5.3413E-07  0.0000E+00  1.0513E-06  5.6537E-05  6.6326E-01  6.6326E-01  0.0000E+00  8.2106E-11 -8.2359E-08  0.0000E+00 -6.0088E-12
     69  1.4720E+01  1.0000E+00  1.0242E+04 -1.3267E+00 -1.8729E-06  4.1464E+03  4.1268E+03 -6.7751E-07 -6.2072E-07  0.0000E+00  1.0212E-06  5.7202E-05  6.6334E-01  6.6334E-01  0.0000E+00  7.8650E-11 -2.7994E-08  0.0000E+00 -2.8745E-11
     70  1.4933E+01  1.0000E+00  1.0242E+04 -1.3268E+00 -1.8200E-06  4.1469E+03  4.1272E+03 -6.5838E-07 -7.8063E-07  0.0000E+00  9.9234E-07  5.7877E-05  6.6342E-01  6.6342E-01  0.0000E+00  7.5794E-11  6.1684E-08  0.0000E+00 -5.8464E-12
     71  1.5147E+01  1.0000E+00  1.0242E+04 -1.3270E+00 -1.7693E-06  4.1474E+03  4.1277E+03 -6.4004E-07 -7.9839E-07  0.0000E+00  9.6469E-07  5.8562E-05  6.6350E-01  6.6350E-01  0.0000E+00  7.3264E-11  7.9466E-08  0.0000E+00  2.1437E-11
     72  1.5360E+01  1.0000E+00  1.0242E+04 -1.3271E+00 -1.7207E-06  4.1479E+03  4.1282E+03 -6.2245E-07 -6.3090E-07  0.0000E+00  9.3819E-07  5.9256E-05  6.6357E-01  6.6357E-01  0.0000E+00  7.0946E-11  4.5846E-09  0.0000E+00 -2.7933E-11
     73  1.5573E+01  1.0000E+00  1.0242E+04 -1.3273E+00 -1.6741E-06  4.1483E+03  4.1286E+03 -6.0558E-07 -4.4824E-07  0.0000E+00  9.1276E-07  5.9960E-05  6.6364E-01  6.6364E-01  0.0000E+00  6.8789E-11 -7.8440E-08  0.0000E+00  3.0856E-12
     74  1.5787E+01  1.0000E+00  1.0242E+04 -1.3274E+00 -1.6293E-06  4.1488E+03  4.1290E+03 -5.8939E-07 -4.2374E-07  0.0000E+00  8.8835E-07  6.0674E-05  6.6371E-01  6.6371E-01  0.0000E+00  6.6760E-11 -8.2749E-08  0.0000E+00  1.1368E-11
     75  1.6000E+01  1.0000E+00  1.0242E+04 -1.3276E+00 -1.5863E-06  4.1492E+03  4.1294E+03 -5.7360E-07 -5.8486E-07  0.0000E+00  8.6491E-07  6.1397E-05  6.6378E-01  6.6378E-01  0.0000E+00  1.2423E-10  5.5535E-09  0.0000E+00  1.3966E-11
     76  1.6213E+01  1.0000E+00  1.0242E+04 -1.3277E+00 -1.5450E-06  4.1496E+03  4.1298E+03 -5.5887E-07 -7.2828E-07  0.0000E+00  8.4238E-07  6.2129E-05  6.6385E-01  6.6385E-01  0.0000E+00  6.8494E-11  8.4368E-08  0.0000E+00 -2.5010E-11
     77  1.6427E+01  1.0000E+00  1.0242E+04 -1.3278E+00 -1.5053E-06  4.1500E+03  4.1302E+03 -5.4451E-07 -6.6982E-07  0.0000E+00  8.2073E-07  6.2871E-05  6.6391E-01  6.6392E-01  0.0000E+00  6.4008E-11  6.2354E-08  0.0000E+00  1.5753E-11
     78  1.6640E+01  1.0000E+00  1.0242E+04 -1.3280E+00 -1.4671E-06  4.1504E+03  4.1306E+03 -5.3070E-07 -4.8831E-07  0.0000E+00  7.9989E-07  6.3623E-05  6.6398E-01  6.6398E-01  0.0000E+00  6.1317E-11 -2.1343E-08  0.0000E+00 -6.1225E-11
     79  1.6853E+01  1.0000E+00  1.0242E+04 -1.3281E+00 -1.4303E-06  4.1508E+03  4.1310E+03 -5.1740E-07 -3.6471E-07  0.0000E+00  7.7984E-07  6.4385E-05  6.6404E-01  6.6404E-01  0.0000E+00  5.9206E-11 -7.6460E-08  0.0000E+00  4.0113E-11
     80  1.7067E+01  1.0000E+00  1.0242E+04 -1.3282E+00 -1.3949E-06  4.1512E+03  4.1313E+03 -5.0459E-07 -3.9860E-07  0.0000E+00  7.6054E-07  6.5156E-05  6.6410E-01  6.6410E-01  0.0000E+00  5.7380E-11 -5.2759E-08  0.0000E+00 -4.7746E-11
     81  1.7280E+01  1.0000E+00  1.0242E+04 -1.3283E+00 -1.3608E-06  4.1515E+03  4.1317E+03 -4.9225E-07 -5.5777E-07  0.0000E+00  7.4194E-07  6.5936E-05  6.6416E-01  6.6416E-01  0.0000E+00  5.5725E-11  3.2773E-08  0.0000E+00 -4.4985E-11
     82  1.7493E+01  1.0000E+00  1.0242E+04 -1.3284E+00 -1.3279E-06  4.1519E+03  4.1320E+03 -4.8036E-07 -6.4257E-07  0.0000E+00  7.2402E-07  6.6726E-05  6.6421E-01  6.6421E-01  0.0000E+00  5.4191E-11  8.1577E-08  0.0000E+00  1.8676E-11
     83  1.7707E+01  1.0000E+00  1.0242E+04 -1.3285E+00 -1.2962E-06  4.1523E+03  4.1324E+03 -4.6890E-07 -5.2307E-07  0.0000E+00  7.0673E-07  6.7526E-05  6.6427E-01  6.6427E-01  0.0000E+00  5.2753E-11  2.8222E-08  0.0000E+00 -1.6240E-11
     84  1.7920E+01  1.0000E+00  1.0242E+04 -1.3286E+00 -1.2656E-06  4.1526E+03  4.1327E+03 -4.5784E-07 -3.6684E-07  0.0000E+00  6.9006E-07  6.8335E-05  6.6432E-01  6.6432E-01  0.0000E+00  5.1389E-11 -4.5277E-08  0.0000E+00 -3.4104E-12
     85  1.8133E+01  1.0000E+00  1.0242E+04 -1.3288E+00 -1.2361E-06  4.1529E+03  4.1330E+03 -4.4714E-07 -3.0540E-07  0.0000E+00  6.7398E-07  6.9154E-05  6.6438E-01  6.6438E-01  0.0000E+00  5.7075E-11 -7.0985E-08  0.0000E+00 -5.8627E-11
     86  1.8347E+01  1.0000E+00  1.0242E+04 -1.3289E+00 -1.2076E-06  4.1532E+03  4.1333E+03 -4.3685E-07 -4.0137E-07  0.0000E+00  6.5844E-07  6.9983E-05  6.6443E-01  6.6443E-01  0.0000E+00  5.1555E-11 -1.7398E-08  0.0000E+00  3.2480E-12
     87  1.8560E+01  1.0000E+00  1.0242E+04 -1.3290E+00 -1.1801E-06  4.1536E+03  4.1336E+03 -4.2690E-07 -5.3587E-07  0.0000E+00  6.4344E-07  7.0821E-05  6.6448E-01  6.6448E-01  0.0000E+00  4.9274E-11  5.4912E-08  0.0000E+00 -1.9488E-12
     88  1.8773E+01  1.0000E+00  1.0242E+04 -1.3291E+00 -1.1535E-06  4.1539E+03  4.1339E+03 -4.1729E-07 -5.4588E-07  0.0000E+00  6.2895E-07  7.1669E-05  6.6453E-01  6.6453E-01  0.0000E+00  4.7615E-11  6.4257E-08  0.0000E+00  1.5266E-11
     89  1.8987E+01  1.0000E+00  1.0242E+04 -1.3291E+00 -1.1278E-06  4.1542E+03  4.1342E+03 -4.0799E-07 -4.0917E-07  0.0000E+00  6.1494E-07  7.2526E-05  6.6457E-01  6.6458E-01  0.0000E+00  4.6221E-11  8.0190E-10  0.0000E+00 -1.4778E-11
     90  1.9200E+01  1.0000E+00  1.0242E+04 -1.3292E+00 -1.1030E-06  4.1545E+03  4.1344E+03 -3.9901E-07 -2.6089E-07  0.0000E+00  6.0139E-07  7.3393E-05  6.6462E-01  6.6462E-01  0.0000E+00  4.4982E-11 -6.8744E-08  0.0000E+00  2.3711E-11
     91  1.9413E+01  1.0000E+00  1.0242E+04 -1.3293E+00 -1.0789E-06  4.1547E+03  4.1347E+03 -3.9031E-07 -2.7126E-07  0.0000E+00  5.8829E-07  7.4270E-05  6.6467E-01  6.6466E-01  0.0000E+00  4.3844E-11 -5.9377E-08  0.0000E+00  1.8676E-11
     92  1.9627E+01  1.0000E+00  1.0242E+04 -1.3294E+00 -1.0557E-06  4.1550E+03  4.1350E+03 -3.8190E-07 -4.0804E-07  0.0000E+00  5.7560E-07  7.5156E-05  6.6471E-01  6.6471E-01  0.0000E+00  4.2775E-11  1.2399E-08  0.0000E+00  6.4473E-11
     93  1.9840E+01  1.0000E+00  1.0242E+04 -1.3295E+00 -1.0332E-06  4.1553E+03  4.1352E+03 -3.7376E-07 -5.1915E-07  0.0000E+00  5.6333E-07  7.6052E-05  6.6475E-01  6.6475E-01  0.0000E+00  4.1765E-11  7.2732E-08  0.0000E+00 -5.4079E-11
     94  2.0053E+01  1.0000E+00  1.0242E+04 -1.3296E+00 -1.0114E-06  4.1556E+03  4.1355E+03 -3.6577E-07 -4.7413E-07  0.0000E+00  5.5144E-07  7.6957E-05  6.6480E-01  6.6480E-01  0.0000E+00  6.6373E-11  5.3987E-08  0.0000E+00 -6.6422E-11
     95  2.0267E+01  1.0000E+00  1.0242E+04 -1.3297E+00 -9.9026E-07  4.1558E+03  4.1357E+03 -3.5822E-07 -3.1145E-07  0.0000E+00  5.3993E-07  7.7873E-05  6.6484E-01  6.6484E-01  0.0000E+00  4.2691E-11 -2.3366E-08  0.0000E+00  2.6147E-11
     96  2.0480E+01  1.0000E+00  1.0242E+04 -1.3298E+00 -9.6979E-07  4.1561E+03  4.1359E+03 -3.5082E-07 -1.9430E-07  0.0000E+00  5.2877E-07  7.8797E-05  6.6488E-01  6.6488E-01  0.0000E+00  4.0572E-11 -7.7717E-08  0.0000E+00 -7.7952E-12
     97  2.0693E+01  1.0000E+00  1.0242E+04 -1.3298E+00 -9.4996E-07  4.1563E+03  4.1362E+03 -3.4365E-07 -2.7849E-07  0.0000E+00  5.1795E-07  7.9732E-05  6.6492E-01  6.6491E-01  0.0000E+00  3.9187E-11 -3.2536E-08  0.0000E+00 -2.9232E-12
     98  2.0907E+01  1.0000E+00  1.0242E+04 -1.3299E+00 -9.3072E-07  4.1566E+03  4.1364E+03 -3.3669E-07 -4.2264E-07  0.0000E+00  5.0747E-07  8.0675E-05  6.6495E-01  6.6495E-01  0.0000E+00  3.8079E-11  4.2944E-08  0.0000E+00  1.4616E-11
     99  2.1120E+01  1.0000E+00  1.0242E+04 -1.3300E+00 -9.1207E-07  4.1568E+03  4.1366E+03 -3.2994E-07 -4.5433E-07  0.0000E+00  4.9730E-07  8.1629E-05  6.6499E-01  6.6499E-01  0.0000E+00  3.7112E-11  6.2500E-08  0.0000E+00 -1.7539E-11
    100  2.1333E+01  1.0000E+00  1.0242E+04 -1.3301E+00 -8.9397E-07  4.1570E+03  4.1368E+03 -3.2340E-07 -3.5372E-07  0.0000E+00  4.8743E-07  8.2592E-05  6.6503E-01  6.6503E-01  0.0000E+00  3.6230E-11  1.5227E-08  0.0000E+00  4.1250E-11
    101  2.1547E+01  1.0000E+00  1.0242E+04 -1.3301E+00 -8.7640E-07  4.1573E+03  4.1370E+03 -3.1704E-07 -2.2780E-07  0.0000E+00  4.7785E-07  8.3565E-05  6.6506E-01  6.6507E-01  0.0000E+00  3.5410E-11 -4.4783E-08  0.0000E+00 -4.9532E-11
    102  2.1760E+01  1.0000E+00  1.0242E+04 -1.3302E+00 -8.5934E-07  4.1575E+03  4.1372E+03 -3.1087E-07 -1.7352E-07  0.0000E+00  4.6855E-07  8.4547E-05  6.6510E-01  6.6510E-01  0.0000E+00  3.4636E-11 -6.8238E-08  0.0000E+00  2.6309E-11
    103  2.1973E+01  1.0000E+00  1.0242E+04 -1.3303E+00 -8.4278E-07  4.1577E+03  4.1374E+03 -3.0486E-07 -3.0642E-07  0.0000E+00  4.5952E-07  8.5539E-05  6.6513E-01  6.6513E-01  0.0000E+00  4.0219E-11  9.7044E-10  0.0000E+00  1.0231E-11
    104  2.2187E+01  1.0000E+00  1.0242E+04 -1.3303E+00 -8.2669E-07  4.1579E+03  4.1376E+03 -2.9905E-07 -4.1416E-07  0.0000E+00  4.5075E-07  8.6541E-05  6.6517E-01  6.6517E-01  0.0000E+00  3.6469E-11  5.7135E-08  0.0000E+00 -3.4754E-11
    105  2.2400E+01  1.0000E+00  1.0242E+04 -1.3304E+00 -8.1106E-07  4.1581E+03  4.1378E+03 -2.9340E-07 -3.9538E-07  0.0000E+00  4.4222E-07  8.7552E-05  6.6520E-01  6.6520E-01  0.0000E+00  3.4092E-11  5.0872E-08  0.0000E+00  1.5753E-11
    106  2.2613E+01  1.0000E+00  1.0242E+04 -1.3305E+00 -7.9587E-07  4.1583E+03  4.1380E+03 -2.8791E-07 -2.5911E-07  0.0000E+00  4.3394E-07  8.8573E-05  6.6523E-01  6.6523E-01  0.0000E+00  3.2873E-11 -1.4318E-08  0.0000E+00  2.2736E-12
    107  2.2827E+01  1.0000E+00  1.0242E+04 -1.3305E+00 -7.8110E-07  4.1585E+03  4.1382E+03 -2.8257E-07 -1.6431E-07  0.0000E+00  4.2589E-07  8.9604E-05  6.6526E-01  6.6526E-01  0.0000E+00  3.1950E-11 -5.8986E-08  0.0000E+00  3.2480E-11
    108  2.3040E+01  1.0000E+00  1.0242E+04 -1.3306E+00 -7.6674E-07  4.1587E+03  4.1383E+03 -2.7737E-07 -1.8643E-07  0.0000E+00  4.1806E-07  9.0644E-05  6.6529E-01  6.6529E-01  0.0000E+00  3.1167E-11 -4.5329E-08  0.0000E+00  1.1043E-11
    109  2.3253E+01  1.0000E+00  1.0242E+04 -1.3306E+00 -7.5277E-07  4.1589E+03  4.1385E+03 -2.7232E-07 -3.3633E-07  0.0000E+00  4.1044E-07  9.1693E-05  6.6532E-01  6.6532E-01  0.0000E+00  3.0464E-11  3.2057E-08  0.0000E+00 -1.6078E-11
    110  2.3467E+01  1.0000E+00  1.0242E+04 -1.3307E+00 -7.3917E-07  4.1591E+03  4.1387E+03 -2.6740E-07 -3.8498E-07  0.0000E+00  4.0303E-07  9.2753E-05  6.6535E-01  6.6535E-01  0.0000E+00  2.9816E-11  5.8671E-08  0.0000E+00  1.2667E-11
    111  2.3680E+01  1.0000E+00  1.0242E+04 -1.3308E+00 -7.2595E-07  4.1593E+03  4.1388E+03 -2.6262E-07 -3.1444E-07  0.0000E+00  3.9582E-07  9.3822E-05  6.6538E-01  6.6538E-01  0.0000E+00  2.9207E-11  2.5567E-08  0.0000E+00 -2.4360E-12
    112  2.3893E+01  1.0000E+00  1.0242E+04 -1.3308E+00 -7.1307E-07  4.1595E+03  4.1390E+03 -2.5796E-07 -1.8317E-07  0.0000E+00  3.8879E-07  9.4900E-05  6.6541E-01  6.6541E-01  0.0000E+00  2.8629E-11 -3.7152E-08  0.0000E+00 -4.3848E-12
    113  2.4107E+01  1.0000E+00  1.0242E+04 -1.3309E+00 -7.0053E-07  4.1596E+03  4.1391E+03 -2.5340E-07 -1.2192E-07  0.0000E+00  3.8196E-07  9.5989E-05  6.6544E-01  6.6544E-01  0.0000E+00  3.4829E-11 -6.5450E-08  0.0000E+00 -4.3199E-11
    114  2.4320E+01  1.0000E+00  1.0242E+04 -1.3309E+00 -6.8833E-07  4.1598E+03  4.1393E+03 -2.4900E-07 -2.3148E-07  0.0000E+00  3.7530E-07  9.7086E-05  6.6546E-01  6.6546E-01  0.0000E+00  2.9172E-11 -8.7592E-09  0.0000E+00  2.7771E-11
    115  2.4533E+01  1.0000E+00  1.0242E+04 -1.3310E+00 -6.7643E-07  4.1600E+03  4.1394E+03 -2.4470E-07 -3.5536E-07  0.0000E+00  3.6882E-07  9.8194E-05  6.6549E-01  6.6549E-01  0.0000E+00  2.8021E-11  5.5323E-08  0.0000E+00  5.0344E-12
    116  2.4747E+01  1.0000E+00  1.0242E+04 -1.3310E+00 -6.6485E-07  4.1601E+03  4.1395E+03 -2.4051E-07 -3.3273E-07  0.0000E+00  3.6250E-07  9.9311E-05  6.6551E-01  6.6552E-01  0.0000E+00  2.7222E-11  4.6239E-08  0.0000E+00  1.6727E-11
    117  2.4960E+01  1.0000E+00  1.0242E+04 -1.3311E+00 -6.5355E-07  4.1603E+03  4.1397E+03 -2.3643E-07 -2.1776E-07  0.0000E+00  3.5634E-07  1.0044E-04  6.6554E-01  6.6554E-01  0.0000E+00  2.6567E-11 -9.3510E-09  0.0000E+00  5.6678E-11
    118  2.5173E+01  1.0000E+00  1.0242E+04 -1.3311E+00 -6.4255E-07  4.1604E+03  4.1398E+03 -2.3245E-07 -1.2504E-07  0.0000E+00  3.5034E-07  1.0157E-04  6.6556E-01  6.6556E-01  0.0000E+00  2.5991E-11 -5.3705E-08  0.0000E+00 -4.8720E-11
    119  2.5387E+01  1.0000E+00  1.0242E+04 -1.3312E+00 -6.3182E-07  4.1606E+03  4.1399E+03 -2.2857E-07 -1.5523E-07  0.0000E+00  3.4449E-07  1.0272E-04  6.6559E-01  6.6559E-01  0.0000E+00  2.5464E-11 -3.6003E-08  0.0000E+00  9.0944E-12
    120  2.5600E+01  1.0000E+00  1.0242E+04 -1.3312E+00 -6.2135E-07  4.1607E+03  4.1401E+03 -2.2478E-07 -2.7582E-07  0.0000E+00  3.3879E-07  1.0388E-04  6.6561E-01  6.6561E-01  0.0000E+00  2.4972E-11  2.5292E-08  0.0000E+00 -1.0231E-11
    121  2.5813E+01  1.0000E+00  1.0242E+04 -1.3313E+00 -6.1115E-07  4.1609E+03  4.1402E+03 -2.2109E-07 -3.2742E-07  0.0000E+00  3.3322E-07  1.0504E-04  6.6563E-01  6.6563E-01  0.0000E+00  2.4508E-11  5.3440E-08  0.0000E+00  2.5659E-11
    122  2.6027E+01  1.0000E+00  1.0242E+04 -1.3313E+00 -6.0119E-07  4.1610E+03  4.1403E+03 -2.1742E-07 -2.6021E-07  0.0000E+00  3.2779E-07  1.0621E-04  6.6566E-01  6.6566E-01  0.0000E+00  4.1597E-11  2.1535E-08  0.0000E+00  3.2480E-12
    123  2.6240E+01  1.0000E+00  1.0242E+04 -1.3314E+00 -5.9147E-07  4.1612E+03  4.1404E+03 -2.1397E-07 -1.4035E-07  0.0000E+00  3.2249E-07  1.0740E-04  6.6568E-01  6.6568E-01  0.0000E+00  2.5453E-11 -3.6801E-08  0.0000E+00 -3.5241E-11
    124  2.6453E+01  1.0000E+00  1.0242E+04 -1.3314E+00 -5.8199E-07  4.1613E+03  4.1405E+03 -2.1054E-07 -1.0192E-07  0.0000E+00  3.1732E-07  1.0859E-04  6.6570E-01  6.6570E-01  0.0000E+00  2.4220E-11 -5.4203E-08  0.0000E+00  3.7190E-11
    125  2.6667E+01  1.0000E+00  1.0242E+04 -1.3314E+00 -5.7273E-07  4.1614E+03  4.1406E+03 -2.0719E-07 -1.8843E-07  0.0000E+00  3.1228E-07  1.0980E-04  6.6572E-01  6.6572E-01  0.0000E+00  2.3498E-11 -9.3504E-09  0.0000E+00  1.4129E-11
    126  2.6880E+01  1.0000E+00  1.0242E+04 -1.3315E+00 -5.6369E-07  4.1616E+03  4.1407E+03 -2.0392E-07 -3.0047E-07  0.0000E+00  3.0735E-07  1.1101E-04  6.6574E-01  6.6574E-01  0.0000E+00  2.2933E-11  4.8183E-08  0.0000E+00  5.8302E-11
    127  2.7093E+01  1.0000E+00  1.0242E+04 -1.3315E+00 -5.5487E-07  4.1617E+03  4.1408E+03 -2.0073E-07 -3.0409E-07  0.0000E+00  3.0254E-07  1.1223E-04  6.6576E-01  6.6576E-01  0.0000E+00  2.2449E-11  5.1733E-08  0.0000E+00 -3.8976E-12
    128  2.7307E+01  1.0000E+00  1.0242E+04 -1.3316E+00 -5.4625E-07  4.1618E+03  4.1409E+03 -1.9761E-07 -1.9382E-07  0.0000E+00  2.9784E-07  1.1347E-04  6.6578E-01  6.6578E-01  0.0000E+00  2.2011E-11 -1.7659E-09  0.0000E+00  4.1412E-11
    129  2.7520E+01  1.0000E+00  1.0242E+04 -1.3316E+00 -5.3783E-07  4.1619E+03  4.1410E+03 -1.9457E-07 -8.9475E-08  0.0000E+00  2.9325E-07  1.1471E-04  6.6580E-01  6.6580E-01  0.0000E+00  2.1606E-11 -5.2434E-08  0.0000E+00  2.1275E-11
    130  2.7733E+01  1.0000E+00  1.0242E+04 -1.3316E+00 -5.2960E-07  4.1621E+03  4.1411E+03 -1.9159E-07 -1.1070E-07  0.0000E+00  2.8876E-07  1.1596E-04  6.6582E-01  6.6582E-01  0.0000E+00  2.1224E-11 -4.0349E-08  0.0000E+00 -8.2824E-12
    131  2.7947E+01  1.0000E+00  1.0242E+04 -1.3317E+00 -5.2156E-07  4.1622E+03  4.1412E+03 -1.8868E-07 -2.2187E-07  0.0000E+00  2.8438E-07  1.1722E-04  6.6584E-01  6.6583E-01  0.0000E+00  2.1500E-11  1.6570E-08  0.0000E+00  2.1762E-11
    132  2.8160E+01  1.0000E+00  1.0242E+04 -1.3317E+00 -5.1370E-07  4.1623E+03  4.1413E+03 -1.8583E-07 -2.7795E-07  0.0000E+00  2.8009E-07  1.1849E-04  6.6585E-01  6.6585E-01  0.0000E+00  2.3226E-11  4.6189E-08  0.0000E+00 -4.9695E-11
    133  2.8373E+01  1.0000E+00  1.0242E+04 -1.3317E+00 -5.0602E-07  4.1624E+03  4.1414E+03 -1.8306E-07 -2.2925E-07  0.0000E+00  2.7590E-07  1.1977E-04  6.6587E-01  6.6587E-01  0.0000E+00  2.1203E-11  2.3138E-08  0.0000E+00  9.7440E-13
    134  2.8587E+01  1.0000E+00  1.0242E+04 -1.3318E+00 -4.9851E-07  4.1625E+03  4.1415E+03 -1.8034E-07 -1.1008E-07  0.0000E+00  2.7181E-07  1.2106E-04  6.6589E-01  6.6589E-01  0.0000E+00  2.0516E-11 -3.5015E-08  0.0000E+00  3.0856E-12
    135  2.8800E+01  1.0000E+00  1.0242E+04 -1.3318E+00 -4.9116E-07  4.1626E+03  4.1416E+03 -1.7769E-07 -7.0687E-08  0.0000E+00  2.6780E-07  1.2236E-04  6.6590E-01  6.6590E-01  0.0000E+00  2.0014E-11 -5.3491E-08  0.0000E+00 -2.3223E-11
    136  2.9013E+01  1.0000E+00  1.0242E+04 -1.3318E+00 -4.8398E-07  4.1627E+03  4.1416E+03 -1.7509E-07 -1.5078E-07  0.0000E+00  2.6388E-07  1.2367E-04  6.6592E-01  6.6592E-01  0.0000E+00  1.9596E-11 -1.2341E-08  0.0000E+00 -4.2874E-11
    137  2.9227E+01  1.0000E+00  1.0242E+04 -1.3319E+00 -4.7695E-07  4.1628E+03  4.1417E+03 -1.7255E-07 -2.4476E-07  0.0000E+00  2.6005E-07  1.2499E-04  6.6594E-01  6.6594E-01  0.0000E+00  1.9225E-11  3.6123E-08  0.0000E+00  2.7446E-11
    138  2.9440E+01  1.0000E+00  1.0242E+04 -1.3319E+00 -4.7007E-07  4.1629E+03  4.1418E+03 -1.7006E-07 -2.5506E-07  0.0000E+00  2.5630E-07  1.2632E-04  6.6595E-01  6.6595E-01  0.0000E+00  1.8885E-11  4.2685E-08  0.0000E+00 -8.6072E-12
    139  2.9653E+01  1.0000E+00  1.0242E+04 -1.3319E+00 -4.6334E-07  4.1630E+03  4.1419E+03 -1.6762E-07 -1.6415E-07  0.0000E+00  2.5263E-07  1.2766E-04  6.6597E-01  6.6597E-01  0.0000E+00  1.8566E-11 -1.5357E-09  0.0000E+00 -2.2249E-11
    140  2.9867E+01  1.0000E+00  1.0242E+04 -1.3320E+00 -4.5676E-07  4.1631E+03  4.1419E+03 -1.6524E-07 -7.5799E-08  0.0000E+00  2.4904E-07  1.2900E-04  6.6598E-01  6.6598E-01  0.0000E+00  1.8264E-11 -4.4741E-08  0.0000E+00  7.2106E-11
    141  3.0080E+01  1.0000E+00  1.0242E+04 -1.3320E+00 -4.5031E-07  4.1632E+03  4.1420E+03 -1.6288E-07 -9.5695E-08  0.0000E+00  2.4553E-07  1.3036E-04  6.6600E-01  6.6600E-01  0.0000E+00  2.5562E-11 -3.3340E-08  0.0000E+00  1.6240E-13
    142  3.0293E+01  1.0000E+00  1.0242E+04 -1.3320E+00 -4.4400E-07  4.1633E+03  4.1420E+03 -1.6062E-07 -2.0085E-07  0.0000E+00  2.4209E-07  1.3173E-04  6.6601E-01  6.6601E-01  0.0000E+00  1.8813E-11  2.0148E-08  0.0000E+00 -6.8533E-11
    143  3.0507E+01  1.0000E+00  1.0242E+04 -1.3320E+00 -4.3782E-07  4.1634E+03  4.1421E+03 -1.5839E-07 -2.5749E-07  0.0000E+00  2.3872E-07  1.3310E-04  6.6602E-01  6.6602E-01  0.0000E+00  1.8095E-11  4.9573E-08  0.0000E+00  6.1388E-11
    144  3.0720E+01  1.0000E+00  1.0242E+04 -1.3321E+00 -4.3177E-07  4.1635E+03  4.1422E+03 -1.5620E-07 -1.9601E-07  0.0000E+00  2.3542E-07  1.3449E-04  6.6604E-01  6.6604E-01  0.0000E+00  1.7634E-11  2.0208E-08  0.0000E+00 -6.4960E-12
    145  3.0933E+01  1.0000E+00  1.0242E+04 -1.3321E+00 -4.2584E-07  4.1636E+03  4.1422E+03 -1.5406E-07 -8.8591E-08  0.0000E+00  2.3219E-07  1.3588E-04  6.6605E-01  6.6605E-01  0.0000E+00  1.7265E-11 -3.2704E-08  0.0000E+00 -3.0531E-11
    146  3.1147E+01  1.0000E+00  1.0242E+04 -1.3321E+00 -4.2004E-07  4.1637E+03  4.1423E+03 -1.5196E-07 -4.6871E-08  0.0000E+00  2.2902E-07  1.3729E-04  6.6606E-01  6.6606E-01  0.0000E+00  1.6945E-11 -5.2478E-08  0.0000E+00  4.7096E-12
    147  3.1360E+01  1.0000E+00  1.0242E+04 -1.3322E+00 -4.1435E-07  4.1637E+03  4.1423E+03 -1.4990E-07 -1.2219E-07  0.0000E+00  2.2592E-07  1.3870E-04  6.6608E-01  6.6607E-01  0.0000E+00  1.6653E-11 -1.3899E-08  0.0000E+00  1.0881E-10
    148  3.1573E+01  1.0000E+00  1.0242E+04 -1.3322E+00 -4.0878E-07  4.1638E+03  4.1424E+03 -1.4789E-07 -2.2903E-07  0.0000E+00  2.2288E-07  1.4013E-04  6.6609E-01  6.6609E-01  0.0000E+00  1.6382E-11  4.0534E-08  0.0000E+00 -5.8789E-11
    149  3.1787E+01  1.0000E+00  1.0242E+04 -1.3322E+00 -4.0332E-07  4.1639E+03  4.1424E+03 -1.4591E-07 -2.3904E-07  0.0000E+00  2.1990E-07  1.4156E-04  6.6610E-01  6.6610E-01  0.0000E+00  1.6127E-11  4.6414E-08  0.0000E+00 -2.7608E-11
    150  3.2000E+01  1.0000E+00  1.0242E+04 -1.3322E+00 -3.9796E-07  4.1640E+03  4.1425E+03 -1.4394E-07 -1.4302E-07  0.0000E+00  2.1699E-07  1.4301E-04  6.6611E-01  6.6611E-01  0.0000E+00  2.3337E-11 -5.0881E-10  0.0000E+00 -1.4291E-11
