4.510000E-02 2.260000E-01 7.290000E-01 0.000000E+00
7.030000E+01 2.725000E+00 2.475000E-01  3   0   1
      1  1.0000E-05  1.0000E+00  1.4400E+04 -7.7065E-07 -1.6620E+00  3.3901E-03  3.3901E-03  4.5151E-03  4.5150E-03  0.0000E+00  9.0298E-01  1.6011E-17  1.0246E-09  1.0254E-09  0.0000E+00 -8.9729E-04 -8.9784E-04  0.0000E+00 -2.8201E-18
      2  1.1233E-05  1.0000E+00  1.4400E+04 -9.7245E-07 -1.6620E+00  4.2778E-03  4.2778E-03  5.6957E-03  5.6957E-03  0.0000E+00  9.0298E-01  2.5509E-17  1.6311E-09  1.6324E-09  0.0000E+00 -1.1318E-03 -1.1325E-03  0.0000E+00 -1.6920E-17
      3  1.2619E-05  1.0000E+00  1.4400E+04 -1.2271E-06 -1.6620E+00  5.3979E-03  5.3979E-03  7.1845E-03  7.1845E-03  0.0000E+00  9.0298E-01  4.0608E-17  2.5966E-09  2.5987E-09  0.0000E+00 -1.4274E-03 -1.4283E-03  0.0000E+00 -1.0654E-17
      4  1.4175E-05  1.0000E+00  1.4400E+04 -1.5484E-06 -1.6620E+00  6.8114E-03  6.8114E-03  9.0616E-03  9.0615E-03  0.0000E+00  9.0298E-01  6.4655E-17  4.1331E-09  4.1365E-09  0.0000E+00 -1.7999E-03 -1.8011E-03  0.0000E+00 -1.2534E-18
      5  1.5923E-05  1.0000E+00  1.4400E+04 -1.9539E-06 -1.6620E+00  8.5950E-03  8.5950E-03  1.1428E-02  1.1428E-02  0.0000E+00  9.0298E-01  1.0304E-16  6.5784E-09  6.5840E-09  0.0000E+00 -2.2693E-03 -2.2709E-03  0.0000E+00 -2.0054E-17
      6  1.7886E-05  1.0000E+00  1.4400E+04 -2.4655E-06 -1.6620E+00  1.0846E-02  1.0846E-02  1.4409E-02  1.4409E-02  0.0000E+00  9.0298E-01  1.6323E-16  1.0469E-08  1.0478E-08  0.0000E+00 -2.8606E-03 -2.8623E-03  0.0000E+00 -2.2561E-17
      7  2.0092E-05  1.0000E+00  1.4400E+04 -3.1111E-06 -1.6620E+00  1.3686E-02  1.3686E-02  1.8166E-02  1.8165E-02  0.0000E+00  9.0297E-01  2.6024E-16  1.6660E-08  1.6673E-08  0.0000E+00 -3.6048E-03 -3.6070E-03  0.0000E+00 -1.1280E-17
      8  2.2570E-05  1.0000E+00  1.4400E+04 -3.9257E-06 -1.6620E+00  1.7269E-02  1.7269E-02  2.2895E-02  2.2895E-02  0.0000E+00  9.0297E-01  4.1517E-16  2.6505E-08  2.6526E-08  0.0000E+00 -4.5410E-03 -4.5439E-03  0.0000E+00 -2.3814E-17
      9  2.5354E-05  1.0000E+00  1.4400E+04 -4.9537E-06 -1.6620E+00  2.1791E-02  2.1791E-02  2.8847E-02  2.8847E-02  0.0000E+00  9.0297E-01  6.5904E-16  4.2160E-08  4.2193E-08  0.0000E+00 -5.7179E-03 -5.7213E-03  0.0000E+00 -7.0188E-17
     10  2.8480E-05  1.0000E+00  1.4400E+04 -6.2508E-06 -1.6620E+00  2.7497E-02  2.7497E-02  3.6333E-02  3.6332E-02  0.0000E+00  9.0296E-01  1.0515E-15  6.7044E-08  6.7096E-08  0.0000E+00 -7.1956E-03 -7.2001E-03  0.0000E+00 -6.0161E-17
     11  3.1993E-05  1.0000E+00  1.4400E+04 -7.8876E-06 -1.6619E+00  3.4697E-02  3.4697E-02  4.5738E-02  4.5737E-02  0.0000E+00  9.0296E-01  1.6707E-15  1.0658E-07  1.0666E-07  0.0000E+00 -9.0489E-03 -9.0543E-03  0.0000E+00 -9.2749E-17
     12  3.5938E-05  1.0000E+00  1.4400E+04 -9.9529E-06 -1.6619E+00  4.3783E-02  4.3783E-02  5.7541E-02  5.7540E-02  0.0000E+00  9.0295E-01  2.6633E-15  1.6935E-07  1.6948E-07  0.0000E+00 -1.1369E-02 -1.1376E-02  0.0000E+00 -5.0134E-17
     13  4.0370E-05  1.0000E+00  1.4400E+04 -1.2559E-05 -1.6619E+00  5.5247E-02  5.5247E-02  7.2334E-02  7.2332E-02  0.0000E+00  9.0294E-01  4.2381E-15  2.6895E-07  2.6916E-07  0.0000E+00 -1.4269E-02 -1.4277E-02  0.0000E+00 -1.5542E-16
     14  4.5349E-05  1.0000E+00  1.4400E+04 -1.5847E-05 -1.6619E+00  6.9713E-02  6.9713E-02  9.0840E-02  9.0837E-02  0.0000E+00  9.0293E-01  6.7493E-15  4.2684E-07  4.2716E-07  0.0000E+00 -1.7881E-02 -1.7892E-02  0.0000E+00 -2.0054E-16
     15  5.0941E-05  1.0000E+00  1.4400E+04 -1.9997E-05 -1.6619E+00  8.7967E-02  8.7967E-02  1.1394E-01  1.1393E-01  0.0000E+00  9.0291E-01  1.0739E-14  6.7683E-07  6.7734E-07  0.0000E+00 -2.2368E-02 -2.2381E-02  0.0000E+00 -1.6043E-16
     16  5.7224E-05  1.0000E+00  1.4400E+04 -2.5232E-05 -1.6618E+00  1.1100E-01  1.1100E-01  1.4268E-01  1.4267E-01  0.0000E+00  9.0289E-01  1.7097E-14  1.0721E-06  1.0729E-06  0.0000E+00 -2.7916E-02 -2.7932E-02  0.0000E+00 -2.2059E-16
     17  6.4281E-05  1.0000E+00  1.4400E+04 -3.1839E-05 -1.6618E+00  1.4006E-01  1.4006E-01  1.7832E-01  1.7830E-01  0.0000E+00  9.0287E-01  2.7208E-14  1.6958E-06  1.6970E-06  0.0000E+00 -3.4739E-02 -3.4757E-02  0.0000E+00 -2.7073E-16
     18  7.2208E-05  1.0000E+00  1.4400E+04 -4.0174E-05 -1.6617E+00  1.7673E-01  1.7673E-01  2.2229E-01  2.2227E-01  0.0000E+00  9.0284E-01  4.3295E-14  2.6778E-06  2.6796E-06  0.0000E+00 -4.3068E-02 -4.3090E-02  0.0000E+00 -2.4065E-16
     19  8.1113E-05  1.0000E+00  1.4400E+04 -5.0692E-05 -1.6616E+00  2.2300E-01  2.2300E-01  2.7622E-01  2.7619E-01  0.0000E+00  9.0280E-01  6.8888E-14  4.2191E-06  4.2220E-06  0.0000E+00 -5.3141E-02 -5.3166E-02  0.0000E+00 -1.6043E-16
     20  9.1116E-05  1.0000E+00  1.4400E+04 -6.3962E-05 -1.6615E+00  2.8138E-01  2.8138E-01  3.4185E-01  3.4180E-01  0.0000E+00  9.0276E-01  1.0958E-13  6.6294E-06  6.6337E-06  0.0000E+00 -6.5174E-02 -6.5203E-02  0.0000E+00 -1.0629E-15
     21  1.0235E-04  1.0000E+00  1.4400E+04 -8.0705E-05 -1.6614E+00  3.5504E-01  3.5504E-01  4.2090E-01  4.2082E-01  0.0000E+00  9.0270E-01  1.7426E-13  1.0380E-05  1.0387E-05  0.0000E+00 -7.9313E-02 -7.9344E-02  0.0000E+00 -6.4172E-16
     22  1.1498E-04  1.0000E+00  1.4400E+04 -1.0183E-04 -1.6612E+00  4.4797E-01  4.4797E-01  5.1487E-01  5.1476E-01  0.0000E+00  9.0262E-01  2.7706E-13  1.6183E-05  1.6192E-05  0.0000E+00 -9.5557E-02 -9.5589E-02  0.0000E+00 -5.6151E-16
     23  1.2915E-04  1.0000E+00  1.4400E+04 -1.2848E-04 -1.6610E+00  5.6522E-01  5.6522E-01  6.2464E-01  6.2447E-01  0.0000E+00  9.0253E-01  4.4030E-13  2.5091E-05  2.5104E-05  0.0000E+00 -1.1364E-01 -1.1367E-01  0.0000E+00 -9.2247E-16
     24  1.4508E-04  1.0000E+00  1.4400E+04 -1.6209E-04 -1.6608E+00  7.1313E-01  7.1313E-01  7.4990E-01  7.4965E-01  0.0000E+00  9.0241E-01  6.9941E-13  3.8632E-05  3.8650E-05  0.0000E+00 -1.3288E-01 -1.3290E-01  0.0000E+00 -2.8075E-15
     25  1.6298E-04  1.0000E+00  1.4400E+04 -2.0450E-04 -1.6605E+00  8.9973E-01  8.9973E-01  8.8836E-01  8.8799E-01  0.0000E+00  9.0226E-01  1.1103E-12  5.8964E-05  5.8987E-05  0.0000E+00 -1.5192E-01 -1.5192E-01  0.0000E+00 -2.3262E-15
     26  1.8307E-04  1.0000E+00  1.4400E+04 -2.5799E-04 -1.6601E+00  1.1351E+00  1.1351E+00  1.0346E+00  1.0341E+00  0.0000E+00  9.0208E-01  1.7615E-12  8.9016E-05  8.9041E-05  0.0000E+00 -1.6851E-01 -1.6850E-01  0.0000E+00 -3.1284E-15
     27  2.0565E-04  1.0000E+00  1.4400E+04 -3.2545E-04 -1.6596E+00  1.4320E+00  1.4320E+00  1.1791E+00  1.1784E+00  0.0000E+00  9.0185E-01  2.7920E-12  1.3255E-04  1.3257E-04  0.0000E+00 -1.7928E-01 -1.7923E-01  0.0000E+00 -1.7647E-15
     28  2.3101E-04  1.0000E+00  1.4400E+04 -4.1052E-04 -1.6590E+00  1.8064E+00  1.8064E+00  1.3069E+00  1.3059E+00  0.0000E+00  9.0156E-01  4.4210E-12  1.9401E-04  1.9402E-04  0.0000E+00 -1.7962E-01 -1.7953E-01  0.0000E+00 -5.9359E-15
     29  2.5950E-04  1.0000E+00  1.4400E+04 -5.1779E-04 -1.6583E+00  2.2785E+00  2.2785E+00  1.3979E+00  1.3967E+00  0.0000E+00  9.0120E-01  6.9919E-12  2.7799E-04  2.7795E-04  0.0000E+00 -1.6411E-01 -1.6399E-01  0.0000E+00  0.0000E+00
     30  2.9151E-04  1.0000E+00  1.4400E+04 -6.5302E-04 -1.6574E+00  2.8738E+00  2.8737E+00  1.4288E+00  1.4275E+00  0.0000E+00  9.0076E-01  1.1043E-11  3.8804E-04  3.8793E-04  0.0000E+00 -1.2762E-01 -1.2751E-01  0.0000E+00 -7.7007E-15
     31  3.2745E-04  1.0000E+00  1.4400E+04 -8.2347E-04 -1.6563E+00  3.6241E+00  3.6241E+00  1.3789E+00  1.3777E+00  0.0000E+00  9.0021E-01  1.7413E-11  5.2489E-04  5.2465E-04  0.0000E+00 -6.7741E-02 -6.7710E-02  0.0000E+00 -9.3050E-15
     32  3.6784E-04  1.0000E+00  1.4400E+04 -1.0383E-03 -1.6550E+00  4.5698E+00  4.5697E+00  1.2404E+00  1.2397E+00  0.0000E+00  8.9954E-01  2.7411E-11  6.8452E-04  6.8413E-04  0.0000E+00  1.1581E-02  1.1423E-02  0.0000E+00 -7.7007E-15
     33  4.1320E-04  1.0000E+00  1.4400E+04 -1.3089E-03 -1.6535E+00  5.7612E+00  5.7612E+00  1.0324E+00  1.0325E+00  0.0000E+00  8.9872E-01  4.3074E-11  8.5807E-04  8.5759E-04  0.0000E+00  9.6125E-02  9.5665E-02  0.0000E+00 -6.4172E-16
     34  4.6416E-04  1.0000E+00  1.4400E+04 -1.6497E-03 -1.6516E+00  7.2619E+00  7.2619E+00  8.1008E-01  8.1139E-01  0.0000E+00  8.9772E-01  6.7566E-11  1.0369E-03  1.0365E-03  0.0000E+00  1.6060E-01  1.5982E-01  0.0000E+00 -2.4385E-14
     35  5.2140E-04  1.0000E+00  1.4400E+04 -2.0788E-03 -1.6494E+00  9.1515E+00  9.1515E+00  6.5468E-01  6.5681E-01  0.0000E+00  8.9653E-01  1.0580E-10  1.2259E-03  1.2260E-03  0.0000E+00  1.7661E-01  1.7576E-01  0.0000E+00 -3.0803E-14
     36  5.8570E-04  1.0000E+00  1.4400E+04 -2.6189E-03 -1.6467E+00  1.1530E+01  1.1530E+01  6.2698E-01  6.2860E-01  0.0000E+00  8.9510E-01  1.6544E-10  1.4611E-03  1.4619E-03  0.0000E+00  1.3365E-01  1.3328E-01  0.0000E+00 -3.9787E-14
     37  6.5793E-04  1.0000E+00  1.4400E+04 -3.2983E-03 -1.6436E+00  1.4521E+01  1.4521E+01  6.9503E-01  6.9439E-01  0.0000E+00  8.9339E-01  2.5835E-10  1.8104E-03  1.8116E-03  0.0000E+00  6.4245E-02  6.4921E-02  0.0000E+00 -5.9038E-14
     38  7.3907E-04  1.0000E+00  1.4400E+04 -4.1526E-03 -1.6399E+00  1.8283E+01  1.8283E+01  7.1015E-01  7.0725E-01  0.0000E+00  8.9138E-01  4.0300E-10  2.3266E-03  2.3267E-03  0.0000E+00  3.9990E-02  4.1370E-02  0.0000E+00 -5.2621E-14
     39  8.3022E-04  1.0000E+00  1.4400E+04 -5.2260E-03 -1.6355E+00  2.3009E+01  2.3009E+01  5.4134E-01  5.3970E-01  0.0000E+00  8.8901E-01  6.2807E-10  2.9674E-03  2.9655E-03  0.0000E+00  1.0095E-01  1.0134E-01  0.0000E+00 -4.8771E-14
     40  9.3260E-04  1.0000E+00  1.4400E+04 -6.5737E-03 -1.6304E+00  2.8944E+01  2.8943E+01  3.0544E-01  3.0838E-01  0.0000E+00  8.8622E-01  9.7796E-10  3.6273E-03  3.6259E-03  0.0000E+00  1.6876E-01  1.6713E-01  0.0000E+00 -5.1338E-14
     41  1.0476E-03  1.0000E+00  1.4400E+04 -8.2644E-03 -1.6244E+00  3.6389E+01  3.6388E+01  2.7444E-01  2.7684E-01  0.0000E+00  8.8295E-01  1.5214E-09  4.3850E-03  4.3878E-03  0.0000E+00  1.2791E-01  1.2711E-01  0.0000E+00 -2.5669E-14
     42  1.1768E-03  1.0000E+00  1.4400E+04 -1.0383E-02 -1.6174E+00  4.5720E+01  4.5719E+01  3.2980E-01  3.2548E-01  0.0000E+00  8.7915E-01  2.3651E-09  5.5308E-03  5.5320E-03  0.0000E+00  6.7867E-02  7.0088E-02  0.0000E+00 -1.5915E-13
     43  1.3219E-03  1.0000E+00  1.4400E+04 -1.3036E-02 -1.6092E+00  5.7402E+01  5.7400E+01  1.3334E-01  1.3388E-01  0.0000E+00  8.7472E-01  3.6737E-09  6.9570E-03  6.9520E-03  0.0000E+00  1.3237E-01  1.3170E-01  0.0000E+00 -8.2140E-14
     44  1.4850E-03  1.0000E+00  1.4400E+04 -1.6354E-02 -1.5998E+00  7.2009E+01  7.2007E+01  6.5500E-02  6.9394E-02  0.0000E+00  8.6960E-01  5.7024E-09  8.4743E-03  8.4793E-03  0.0000E+00  1.1627E-01  1.1468E-01  0.0000E+00 -2.1562E-13
     45  1.6681E-03  1.0000E+00  1.4400E+04 -2.0496E-02 -1.5889E+00  9.0249E+01  9.0246E+01  8.9598E-02  8.3367E-02  0.0000E+00  8.6370E-01  8.8450E-09  1.0696E-02  1.0694E-02  0.0000E+00  7.5327E-02  7.8261E-02  0.0000E+00 -1.9508E-13
     46  1.8738E-03  1.0000E+00  1.4400E+04 -2.5660E-02 -1.5765E+00  1.1299E+02  1.1298E+02 -8.1862E-02 -7.4624E-02  0.0000E+00  8.5692E-01  1.3710E-08  1.3186E-02  1.3187E-02  0.0000E+00  1.2149E-01  1.1796E-01  0.0000E+00 -2.4642E-13
     47  2.1049E-03  1.0000E+00  1.4400E+04 -3.2087E-02 -1.5622E+00  1.4129E+02  1.4128E+02 -2.6814E-02 -3.4765E-02  0.0000E+00  8.4918E-01  2.1237E-08  1.6515E-02  1.6512E-02  0.0000E+00  6.5492E-02  6.9337E-02  0.0000E+00  5.1338E-14
     48  2.3645E-03  1.0000E+00  1.4400E+04 -4.0069E-02 -1.5460E+00  1.7644E+02  1.7642E+02 -1.3897E-01 -1.3226E-01  0.0000E+00  8.4037E-01  3.2872E-08  2.0356E-02  2.0367E-02  0.0000E+00  8.7433E-02  8.4384E-02  0.0000E+00 -2.4642E-13
     49  2.6561E-03  1.0000E+00  1.4400E+04 -4.9961E-02 -1.5277E+00  2.2000E+02  2.1997E+02 -1.9593E-01 -1.9429E-01  0.0000E+00  8.3039E-01  5.0846E-08  2.5481E-02  2.5461E-02  0.0000E+00  9.2821E-02  9.1615E-02  0.0000E+00 -6.1605E-13
     50  2.9836E-03  1.0000E+00  1.4400E+04 -6.2189E-02 -1.5070E+00  2.7385E+02  2.7381E+02 -1.5824E-01 -1.6939E-01  0.0000E+00  8.1915E-01  7.8585E-08  3.1593E-02  3.1590E-02  0.0000E+00  4.9252E-02  5.4751E-02  0.0000E+00 -6.5712E-13
     51  3.3516E-03  1.0000E+00  1.4400E+04 -7.7265E-02 -1.4838E+00  3.4023E+02  3.4017E+02 -1.8251E-01 -1.8978E-01  0.0000E+00  8.0652E-01  1.2135E-07  3.9023E-02  3.9048E-02  0.0000E+00  3.8116E-02  4.2052E-02  0.0000E+00  2.8749E-13
     52  3.7649E-03  1.0000E+00  1.4400E+04 -9.5792E-02 -1.4578E+00  4.2182E+02  4.2173E+02 -2.1879E-01 -2.2177E-01  0.0000E+00  7.9242E-01  1.8720E-07  4.8242E-02  4.8280E-02  0.0000E+00  3.6896E-02  3.8758E-02  0.0000E+00 -3.6963E-13
     53  4.2292E-03  1.0000E+00  1.4400E+04 -1.1848E-01 -1.4290E+00  5.2174E+02  5.2161E+02 -2.3443E-01 -2.4227E-01  0.0000E+00  7.7673E-01  2.8844E-07  5.9620E-02  5.9661E-02  0.0000E+00  2.8728E-02  3.2965E-02  0.0000E+00  2.0535E-13
     54  4.7508E-03  1.0000E+00  1.4400E+04 -1.4616E-01 -1.3970E+00  6.4365E+02  6.4343E+02 -2.6286E-01 -2.7963E-01  0.0000E+00  7.5936E-01  4.4377E-07  7.3605E-02  7.3598E-02  0.0000E+00  3.0037E-02  3.8361E-02  0.0000E+00 -2.4642E-13
     55  5.3367E-03  1.0000E+00  1.4400E+04 -1.7979E-01 -1.3618E+00  7.9171E+02  7.9138E+02 -3.4034E-01 -3.3006E-01  0.0000E+00  7.4020E-01  6.8148E-07  9.0346E-02  9.0285E-02  0.0000E+00  5.6835E-02  5.1401E-02  0.0000E+00  2.4642E-13
     56  5.9948E-03  1.0000E+00  1.4400E+04 -2.2042E-01 -1.3230E+00  9.7065E+02  9.7013E+02 -2.7848E-01 -2.8873E-01  0.0000E+00  7.1916E-01  1.0441E-06  1.1056E-01  1.1064E-01  0.0000E+00  1.6379E-02  2.1803E-02  0.0000E+00 -2.2999E-12
     57  6.7342E-03  1.0000E+00  1.4400E+04 -2.6923E-01 -1.2807E+00  1.1856E+03  1.1848E+03 -3.4282E-01 -3.2094E-01  0.0000E+00  6.9614E-01  1.5948E-06  1.3489E-01  1.3490E-01  0.0000E+00  4.1466E-02  3.0561E-02  0.0000E+00  1.1500E-12
     58  7.5646E-03  1.0000E+00  1.4400E+04 -3.2748E-01 -1.2345E+00  1.4422E+03  1.4410E+03 -3.5228E-01 -3.3394E-01  0.0000E+00  6.7104E-01  2.4266E-06  1.6412E-01  1.6404E-01  0.0000E+00  4.1823E-02  3.2455E-02  0.0000E+00 -6.4069E-12
     59  8.4975E-03  1.0000E+00  1.4400E+04 -3.9645E-01 -1.1844E+00  1.7460E+03  1.7441E+03 -3.4128E-01 -3.1624E-01  0.0000E+00  6.4379E-01  3.6740E-06  1.9847E-01  1.9848E-01  0.0000E+00  3.3403E-02  2.0906E-02  0.0000E+00 -9.8568E-13
     60  9.5455E-03  1.0000E+00  1.4400E+04 -4.7735E-01 -1.1301E+00  2.1024E+03  2.0995E+03 -2.8512E-01 -3.0461E-01  0.0000E+00  6.1430E-01  5.5267E-06  2.3901E-01  2.3914E-01  0.0000E+00  4.8391E-03  1.4774E-02  0.0000E+00 -5.4213E-12
     61  1.0723E-02  1.0000E+00  1.4400E+04 -5.7120E-01 -1.0717E+00  2.5159E+03  2.5116E+03 -3.2093E-01 -2.9535E-01  0.0000E+00  5.8254E-01  8.2447E-06  2.8577E-01  2.8585E-01  0.0000E+00  2.3726E-02  1.1028E-02  0.0000E+00 -5.5855E-12
     62  1.2045E-02  1.0000E+00  1.4400E+04 -6.7869E-01 -1.0091E+00  2.9896E+03  2.9831E+03 -3.0939E-01 -2.8365E-01  0.0000E+00  5.4853E-01  1.2168E-05  3.3950E-01  3.3959E-01  0.0000E+00  2.0942E-02  8.1544E-03  0.0000E+00 -3.2856E-13
     63  1.3530E-02  1.0000E+00  1.4400E+04 -7.9996E-01 -9.4260E-01  3.5241E+03  3.5144E+03 -2.5857E-01 -2.8297E-01  0.0000E+00  5.1237E-01  1.7711E-05  4.0028E-01  4.0040E-01  0.0000E+00  1.4668E-03  1.3556E-02  0.0000E+00  1.3142E-12
     64  1.5199E-02  1.0000E+00  1.4400E+04 -9.3446E-01 -8.7259E-01  4.1170E+03  4.1031E+03 -2.7037E-01 -2.6090E-01  0.0000E+00  4.7431E-01  2.5321E-05  4.6741E-01  4.6764E-01  0.0000E+00  6.2446E-03  4.8449E-03  0.0000E+00 -6.5712E-13
     65  1.7074E-02  1.0000E+00  1.4400E+04 -1.0810E+00 -7.9994E-01  4.7632E+03  4.7434E+03 -2.3376E-01 -2.5763E-01  0.0000E+00  4.3482E-01  3.5370E-05  5.4091E-01  5.4085E-01  0.0000E+00  4.9336E-04  1.2359E-02  0.0000E+00 -6.5712E-13
     66  1.9179E-02  1.0000E+00  1.4400E+04 -1.2380E+00 -7.2601E-01  5.4557E+03  5.4284E+03 -2.1911E-01 -2.2688E-01  0.0000E+00  3.9464E-01  4.7940E-05  6.1915E-01  6.1938E-01  0.0000E+00  3.4389E-03  6.0528E-03  0.0000E+00 -6.5712E-13
     67  2.1544E-02  1.0000E+00  1.4400E+04 -1.4045E+00 -6.5273E-01  6.1904E+03  6.1540E+03 -1.9570E-01 -2.1116E-01  0.0000E+00  3.5480E-01  6.2468E-05  7.0267E-01  7.0236E-01  0.0000E+00  2.0397E-03  7.5622E-03  0.0000E+00 -3.2856E-12
     68  2.4201E-02  1.0000E+00  1.4400E+04 -1.5818E+00 -5.8259E-01  6.9728E+03  6.9266E+03 -1.8275E-01 -1.8599E-01  0.0000E+00  3.1668E-01  7.7286E-05  7.9121E-01  7.9095E-01  0.0000E+00  2.9549E-03  4.2026E-03  0.0000E+00  5.2570E-12
     69  2.7186E-02  1.0000E+00  1.4400E+04 -1.7758E+00 -5.1832E-01  7.8287E+03  7.7733E+03 -1.6138E-01 -1.7275E-01  0.0000E+00  2.8174E-01  8.9248E-05  8.8810E-01  8.8801E-01  0.0000E+00 -3.4147E-04  6.5000E-03  0.0000E+00  9.1997E-12
     70  3.0539E-02  1.0000E+00  1.4400E+04 -1.9988E+00 -4.6233E-01  8.8114E+03  8.7498E+03 -1.5610E-01 -1.4808E-01  0.0000E+00  2.5131E-01  9.3958E-05  9.9951E-01  9.9973E-01  0.0000E+00  4.9456E-03  3.5031E-03  0.0000E+00 -8.5426E-12
     71  3.4305E-02  1.0000E+00  1.4400E+04 -2.2676E+00 -4.1567E-01  9.9953E+03  9.9331E+03 -1.3581E-01 -1.3342E-01  0.0000E+00  2.2594E-01  8.7426E-05  1.1341E+00  1.1339E+00  0.0000E+00 -2.9112E-04  2.1039E-04  0.0000E+00 -7.8855E-12
     72  3.8535E-02  1.0000E+00  1.4400E+04 -2.5956E+00 -3.7706E-01  1.1439E+04  1.1382E+04 -1.2892E-01 -1.2883E-01  0.0000E+00  2.0496E-01  6.9908E-05  1.2978E+00  1.2979E+00  0.0000E+00  2.8686E-03  4.1643E-03  0.0000E+00  6.5712E-12
     73  4.3288E-02  1.0000E+00  1.4400E+04 -2.9754E+00 -3.4254E-01  1.3110E+04  1.3060E+04 -1.2328E-01 -1.1471E-01  0.0000E+00  1.8619E-01  5.1002E-05  1.4877E+00  1.4879E+00  0.0000E+00  1.3528E-03  4.6558E-03  0.0000E+00  3.9427E-12
     74  4.8626E-02  1.0000E+00  1.4400E+04 -3.3632E+00 -3.0683E-01  1.4818E+04  1.4768E+04 -1.0004E-01 -9.9471E-02  0.0000E+00  1.6679E-01  5.0968E-05  1.6815E+00  1.6815E+00  0.0000E+00  3.9950E-03  2.0596E-03  0.0000E+00 -3.9427E-12
     75  5.4623E-02  1.0000E+00  1.4400E+04 -3.6925E+00 -2.6697E-01  1.6270E+04  1.6202E+04 -9.0439E-02 -9.1323E-02  0.0000E+00  1.4511E-01  8.8888E-05  1.8465E+00  1.8463E+00  0.0000E+00  8.7839E-04  2.9071E-03  0.0000E+00  1.7085E-11
     76  6.1359E-02  1.0000E+00  1.4400E+04 -3.9438E+00 -2.2596E-01  1.7383E+04  1.7280E+04 -7.9532E-02 -7.0281E-02  0.0000E+00  1.2283E-01  1.5449E-04  1.9721E+00  1.9719E+00  0.0000E+00  1.3935E-03  1.9117E-04  0.0000E+00  6.5712E-12
     77  6.8926E-02  1.0000E+00  1.4400E+04 -4.2278E+00 -1.9197E-01  1.8637E+04  1.8511E+04 -6.1438E-02 -6.2636E-02  0.0000E+00  1.0435E-01  1.9122E-04  2.1135E+00  2.1141E+00  0.0000E+00 -4.3308E-04  6.9757E-04  0.0000E+00  3.8113E-11
     78  7.7426E-02  1.0000E+00  1.4400E+04 -4.7123E+00 -1.6957E-01  2.0769E+04  2.0655E+04 -4.9837E-02 -5.7586E-02  0.0000E+00  9.2171E-02  1.4969E-04  2.3559E+00  2.3560E+00  0.0000E+00  8.1132E-04  1.0628E-03  0.0000E+00  5.2570E-12
     79  8.6975E-02  1.0000E+00  1.4400E+04 -5.3230E+00 -1.5179E-01  2.3454E+04  2.3364E+04 -4.5846E-02 -4.8545E-02  0.0000E+00  8.2510E-02  9.5435E-05  2.6613E+00  2.6615E+00  0.0000E+00  1.5366E-03  2.2312E-03  0.0000E+00 -4.7313E-11
     80  9.7701E-02  1.0000E+00  1.4400E+04 -5.7145E+00 -1.2914E-01  2.5182E+04  2.5065E+04 -3.9371E-02 -3.8743E-02  0.0000E+00  7.0198E-02  1.5557E-04  2.8573E+00  2.8574E+00  0.0000E+00  3.1721E-05  4.9537E-04  0.0000E+00 -1.3142E-11
     81  1.0975E-01  1.0000E+00  1.4400E+04 -5.9732E+00 -1.0698E-01  2.6329E+04  2.6165E+04 -4.5056E-02 -3.4038E-02  0.0000E+00  5.8149E-02  2.3950E-04  2.9868E+00  2.9866E+00  0.0000E+00  1.5476E-03  3.6254E-04  0.0000E+00 -3.4170E-11
     82  1.2328E-01  1.0000E+00  1.4400E+04 -6.6045E+00 -9.3737E-02  2.9105E+04  2.8965E+04 -3.4669E-02 -3.1166E-02  0.0000E+00  5.0952E-02  1.7386E-04  3.3024E+00  3.3022E+00  0.0000E+00  9.3232E-04  1.3721E-04  0.0000E+00  4.4684E-11
     83  1.3849E-01  1.0000E+00  1.4400E+04 -7.1585E+00 -8.0516E-02  3.1545E+04  3.1400E+04 -2.8867E-02 -2.5838E-02  0.0000E+00  4.3766E-02  1.8667E-04  3.5788E+00  3.5792E+00  0.0000E+00  4.6569E-04  9.4878E-04  0.0000E+00 -6.5712E-11
     84  1.5557E-01  1.0000E+00  1.4400E+04 -7.4899E+00 -6.6761E-02  3.3011E+04  3.2824E+04 -2.3814E-02 -2.1739E-02  0.0000E+00  3.6289E-02  2.5908E-04  3.7452E+00  3.7448E+00  0.0000E+00  8.3139E-04  1.1093E-04  0.0000E+00 -2.8913E-11
     85  1.7475E-01  1.0000E+00  1.4400E+04 -8.1841E+00 -5.7811E-02  3.6065E+04  3.5899E+04 -1.7091E-02 -1.9505E-02  0.0000E+00  3.1424E-02  2.0761E-04  4.0922E+00  4.0919E+00  0.0000E+00 -2.0057E-04  3.1281E-04  0.0000E+00 -3.6799E-11
     86  1.9630E-01  1.0000E+00  1.4400E+04 -8.5836E+00 -4.8051E-02  3.7830E+04  3.7626E+04 -1.7272E-02 -1.4620E-02  0.0000E+00  2.6119E-02  2.7647E-04  4.2917E+00  4.2920E+00  0.0000E+00 -3.0608E-05  1.8891E-04  0.0000E+00  6.5712E-11
     87  2.2051E-01  1.0000E+00  1.4400E+04 -9.2264E+00 -4.0931E-02  4.0660E+04  4.0462E+04 -1.2494E-02 -1.2639E-02  0.0000E+00  2.2249E-02  2.5414E-04  4.6132E+00  4.6132E+00  0.0000E+00 -4.6345E-06  6.1990E-04  0.0000E+00 -2.6285E-11
     88  2.4771E-01  1.0000E+00  1.4400E+04 -9.7232E+00 -3.4184E-02  4.2851E+04  4.2631E+04 -1.0493E-02 -1.0420E-02  0.0000E+00  1.8581E-02  2.8957E-04  4.8616E+00  4.8617E+00  0.0000E+00  2.0356E-04 -2.0327E-04  0.0000E+00 -2.6285E-11
     89  2.7826E-01  1.0000E+00  1.4400E+04 -1.0299E+01 -2.8694E-02  4.5388E+04  4.5157E+04 -9.6037E-03 -9.0228E-03  0.0000E+00  1.5597E-02  3.0526E-04  5.1495E+00  5.1494E+00  0.0000E+00  1.8386E-04 -1.5965E-04  0.0000E+00  2.6285E-11
     90  3.1257E-01  1.0000E+00  1.4400E+04 -1.0887E+01 -2.4039E-02  4.7981E+04  4.7740E+04 -8.1532E-03 -8.7254E-03  0.0000E+00  1.3067E-02  3.1566E-04  5.4437E+00  5.4437E+00  0.0000E+00  2.4412E-05  3.1581E-04  0.0000E+00 -4.2056E-11
     91  3.5112E-01  1.0000E+00  1.4400E+04 -1.1468E+01 -2.0066E-02  5.0538E+04  5.0284E+04 -6.7955E-03 -5.9246E-03  0.0000E+00  1.0907E-02  3.3297E-04  5.7338E+00  5.7338E+00  0.0000E+00  6.3373E-05 -5.7641E-05  0.0000E+00  6.3084E-11
     92  3.9442E-01  1.0000E+00  1.4400E+04 -1.2056E+01 -1.6718E-02  5.3132E+04  5.2865E+04 -5.6073E-03 -5.7108E-03  0.0000E+00  9.0874E-03  3.5090E-04  6.0282E+00  6.0283E+00  0.0000E+00  7.8679E-05 -1.6238E-04  0.0000E+00 -1.9451E-10
     93  4.4306E-01  1.0000E+00  1.4400E+04 -1.2654E+01 -1.3905E-02  5.5764E+04  5.5483E+04 -4.5747E-03 -4.1493E-03  0.0000E+00  7.5583E-03  3.6857E-04  6.3268E+00  6.3267E+00  0.0000E+00  6.1781E-05  2.8081E-04  0.0000E+00  2.5234E-10
     94  4.9770E-01  1.0000E+00  1.4400E+04 -1.3258E+01 -1.1546E-02  5.8429E+04  5.8134E+04 -3.8248E-03 -4.0807E-03  0.0000E+00  6.2760E-03  3.8630E-04  6.6291E+00  6.6289E+00  0.0000E+00  4.7173E-05 -2.1532E-04  0.0000E+00  5.2570E-12
     95  5.5908E-01  1.0000E+00  1.4400E+04 -1.3869E+01 -9.5718E-03  6.1122E+04  6.0814E+04 -3.1749E-03 -2.7665E-03  0.0000E+00  5.2029E-03  4.0407E-04  6.9347E+00  6.9346E+00  0.0000E+00  4.0346E-05  3.4339E-04  0.0000E+00  1.0514E-10
     96  6.2803E-01  1.0000E+00  1.4400E+04 -1.4486E+01 -7.9228E-03  6.3840E+04  6.3518E+04 -2.6188E-03 -2.3069E-03  0.0000E+00  4.3066E-03  4.2205E-04  7.2431E+00  7.2430E+00  0.0000E+00  3.5569E-05  2.5219E-04  0.0000E+00  1.8399E-10
     97  7.0548E-01  1.0000E+00  1.4400E+04 -1.5108E+01 -6.5484E-03  6.6583E+04  6.6247E+04 -2.1758E-03 -1.5220E-03  0.0000E+00  3.5595E-03  4.4030E-04  7.5542E+00  7.5542E+00  0.0000E+00  2.6669E-05 -7.2756E-05  0.0000E+00  2.9439E-10
     98  7.9248E-01  1.0000E+00  1.4400E+04 -1.5735E+01 -5.4048E-03  6.9345E+04  6.8995E+04 -1.7967E-03 -2.2614E-03  0.0000E+00  2.9379E-03  4.5880E-04  7.8676E+00  7.8677E+00  0.0000E+00  2.1778E-05  1.1559E-04  0.0000E+00  2.2605E-10
     99  8.9022E-01  1.0000E+00  1.4400E+04 -1.6367E+01 -4.4551E-03  7.2127E+04  7.1764E+04 -1.4798E-03 -1.8921E-03  0.0000E+00  2.4216E-03  4.7757E-04  8.1833E+00  8.1834E+00  0.0000E+00  1.8242E-05  8.6431E-05  0.0000E+00  3.8376E-10
    100  1.0000E+00  1.0000E+00  1.4400E+04 -1.7002E+01 -3.6676E-03  7.4927E+04  7.4550E+04 -1.2140E-03 -9.9342E-04  0.0000E+00  1.9936E-03  4.9665E-04  8.5010E+00  8.5010E+00  0.0000E+00  1.6072E-05 -1.0584E-04  0.0000E+00  1.6822E-10
