4.510000E-02 2.260000E-01 7.290000E-01 0.000000E+00
7.030000E+01 2.725000E+00 3.260000E-01  3   0   1
      1  1.0000E-05  1.0000E+00  1.4400E+04 -7.7065E-07 -1.6620E+00  3.3901E-03  3.3901E-03  4.5151E-03  4.5150E-03  0.0000E+00  9.0298E-01  1.5836E-17  1.0246E-09  1.0253E-09  0.0000E+00 -8.9730E-04 -8.9780E-04  0.0000E+00 -2.5067E-18
      2  1.1408E-05  1.0000E+00  1.4400E+04 -1.0029E-06 -1.6620E+00  4.4116E-03  4.4116E-03  5.8736E-03  5.8736E-03  0.0000E+00  9.0298E-01  2.6829E-17  1.7348E-09  1.7360E-09  0.0000E+00 -1.1671E-03 -1.1678E-03  0.0000E+00 -2.8201E-18
      3  1.3013E-05  1.0000E+00  1.4400E+04 -1.3051E-06 -1.6620E+00  5.7410E-03  5.7410E-03  7.6402E-03  7.6402E-03  0.0000E+00  9.0298E-01  4.5675E-17  2.9369E-09  2.9391E-09  0.0000E+00 -1.5179E-03 -1.5187E-03  0.0000E+00 -2.0054E-17
      4  1.4845E-05  1.0000E+00  1.4400E+04 -1.6983E-06 -1.6620E+00  7.4710E-03  7.4710E-03  9.9368E-03  9.9368E-03  0.0000E+00  9.0298E-01  7.7088E-17  4.9717E-09  4.9752E-09  0.0000E+00 -1.9736E-03 -1.9747E-03  0.0000E+00 -1.4414E-17
      5  1.6935E-05  1.0000E+00  1.4400E+04 -2.2101E-06 -1.6620E+00  9.7222E-03  9.7222E-03  1.2922E-02  1.2921E-02  0.0000E+00  9.0298E-01  1.3089E-16  8.4150E-09  8.4212E-09  0.0000E+00 -2.5656E-03 -2.5671E-03  0.0000E+00 -2.0054E-17
      6  1.9319E-05  1.0000E+00  1.4400E+04 -2.8761E-06 -1.6620E+00  1.2652E-02  1.2652E-02  1.6799E-02  1.6799E-02  0.0000E+00  9.0297E-01  2.2215E-16  1.4241E-08  1.4252E-08  0.0000E+00 -3.3341E-03 -3.3362E-03  0.0000E+00 -2.1307E-17
      7  2.2038E-05  1.0000E+00  1.4400E+04 -3.7427E-06 -1.6620E+00  1.6464E-02  1.6464E-02  2.1834E-02  2.1833E-02  0.0000E+00  9.0297E-01  3.7572E-16  2.4096E-08  2.4114E-08  0.0000E+00 -4.3310E-03 -4.3336E-03  0.0000E+00 -4.7628E-17
      8  2.5140E-05  1.0000E+00  1.4400E+04 -4.8705E-06 -1.6620E+00  2.1425E-02  2.1425E-02  2.8366E-02  2.8366E-02  0.0000E+00  9.0297E-01  6.3672E-16  4.0760E-08  4.0791E-08  0.0000E+00 -5.6228E-03 -5.6262E-03  0.0000E+00 -4.5121E-17
      9  2.8679E-05  1.0000E+00  1.4400E+04 -6.3382E-06 -1.6620E+00  2.7881E-02  2.7881E-02  3.6836E-02  3.6835E-02  0.0000E+00  9.0296E-01  1.0785E-15  6.8925E-08  6.8977E-08  0.0000E+00 -7.2948E-03 -7.2993E-03  0.0000E+00 -7.5202E-18
     10  3.2715E-05  1.0000E+00  1.4400E+04 -8.2480E-06 -1.6619E+00  3.6283E-02  3.6283E-02  4.7803E-02  4.7802E-02  0.0000E+00  9.0296E-01  1.8265E-15  1.1650E-07  1.1659E-07  0.0000E+00 -9.4553E-03 -9.4610E-03  0.0000E+00 -6.5175E-17
     11  3.7321E-05  1.0000E+00  1.4400E+04 -1.0733E-05 -1.6619E+00  4.7216E-02  4.7216E-02  6.1983E-02  6.1982E-02  0.0000E+00  9.0295E-01  3.0924E-15  1.9680E-07  1.9695E-07  0.0000E+00 -1.2241E-02 -1.2248E-02  0.0000E+00 -1.1030E-16
     12  4.2574E-05  1.0000E+00  1.4400E+04 -1.3967E-05 -1.6619E+00  6.1443E-02  6.1443E-02  8.0282E-02  8.0280E-02  0.0000E+00  9.0293E-01  5.2393E-15  3.3220E-07  3.3245E-07  0.0000E+00 -1.5822E-02 -1.5831E-02  0.0000E+00 -1.9051E-16
     13  4.8567E-05  1.0000E+00  1.4400E+04 -1.8176E-05 -1.6619E+00  7.9957E-02  7.9957E-02  1.0384E-01  1.0383E-01  0.0000E+00  9.0292E-01  8.8647E-15  5.6020E-07  5.6062E-07  0.0000E+00 -2.0409E-02 -2.0421E-02  0.0000E+00 -1.6043E-16
     14  5.5403E-05  1.0000E+00  1.4400E+04 -2.3652E-05 -1.6618E+00  1.0405E-01  1.0405E-01  1.3405E-01  1.3405E-01  0.0000E+00  9.0290E-01  1.5008E-14  9.4350E-07  9.4419E-07  0.0000E+00 -2.6255E-02 -2.6270E-02  0.0000E+00 -1.8048E-16
     15  6.3201E-05  1.0000E+00  1.4400E+04 -3.0779E-05 -1.6618E+00  1.3540E-01  1.3540E-01  1.7265E-01  1.7263E-01  0.0000E+00  9.0287E-01  2.5402E-14  1.5864E-06  1.5876E-06  0.0000E+00 -3.3657E-02 -3.3675E-02  0.0000E+00 -3.8102E-16
     16  7.2098E-05  1.0000E+00  1.4400E+04 -4.0052E-05 -1.6617E+00  1.7619E-01  1.7619E-01  2.2165E-01  2.2163E-01  0.0000E+00  9.0284E-01  4.2992E-14  2.6618E-06  2.6636E-06  0.0000E+00 -4.2948E-02 -4.2969E-02  0.0000E+00 -3.2086E-16
     17  8.2246E-05  1.0000E+00  1.4400E+04 -5.2118E-05 -1.6616E+00  2.2927E-01  2.2927E-01  2.8340E-01  2.8337E-01  0.0000E+00  9.0280E-01  7.2742E-14  4.4535E-06  4.4565E-06  0.0000E+00 -5.4470E-02 -5.4496E-02  0.0000E+00 -5.2140E-16
     18  9.3823E-05  1.0000E+00  1.4400E+04 -6.7818E-05 -1.6615E+00  2.9834E-01  2.9834E-01  3.6042E-01  3.6037E-01  0.0000E+00  9.0274E-01  1.2304E-13  7.4244E-06  7.4291E-06  0.0000E+00 -6.8532E-02 -6.8561E-02  0.0000E+00 -1.4840E-15
     19  1.0703E-04  1.0000E+00  1.4400E+04 -8.8246E-05 -1.6613E+00  3.8822E-01  3.8822E-01  4.5517E-01  4.5508E-01  0.0000E+00  9.0267E-01  2.0806E-13  1.2319E-05  1.2326E-05  0.0000E+00 -8.5313E-02 -8.5344E-02  0.0000E+00 -5.6151E-16
     20  1.2210E-04  1.0000E+00  1.4400E+04 -1.1482E-04 -1.6611E+00  5.0515E-01  5.0515E-01  5.6959E-01  5.6946E-01  0.0000E+00  9.0258E-01  3.5164E-13  2.0314E-05  2.0325E-05  0.0000E+00 -1.0470E-01 -1.0473E-01  0.0000E+00 -1.0428E-15
     21  1.3928E-04  1.0000E+00  1.4400E+04 -1.4940E-04 -1.6609E+00  6.5728E-01  6.5728E-01  7.0428E-01  7.0406E-01  0.0000E+00  9.0245E-01  5.9402E-13  3.3233E-05  3.3249E-05  0.0000E+00 -1.2607E-01 -1.2609E-01  0.0000E+00 -1.5241E-15
     22  1.5889E-04  1.0000E+00  1.4400E+04 -1.9438E-04 -1.6606E+00  8.5520E-01  8.5520E-01  8.5721E-01  8.5687E-01  0.0000E+00  9.0230E-01  1.0028E-12  5.3809E-05  5.3830E-05  0.0000E+00 -1.4788E-01 -1.4788E-01  0.0000E+00 -4.8129E-16
     23  1.8125E-04  1.0000E+00  1.4400E+04 -2.5289E-04 -1.6601E+00  1.1127E+00  1.1127E+00  1.0219E+00  1.0214E+00  0.0000E+00  9.0209E-01  1.6912E-12  8.5963E-05  8.5987E-05  0.0000E+00 -1.6726E-01 -1.6724E-01  0.0000E+00 -1.2032E-15
     24  2.0677E-04  1.0000E+00  1.4400E+04 -3.2899E-04 -1.6596E+00  1.4475E+00  1.4475E+00  1.1855E+00  1.1848E+00  0.0000E+00  9.0183E-01  2.8493E-12  1.3497E-04  1.3499E-04  0.0000E+00 -1.7956E-01 -1.7951E-01  0.0000E+00 -9.6258E-16
     25  2.3587E-04  1.0000E+00  1.4400E+04 -4.2794E-04 -1.6589E+00  1.8830E+00  1.8830E+00  1.3265E+00  1.3255E+00  0.0000E+00  9.0150E-01  4.7940E-12  2.0726E-04  2.0726E-04  0.0000E+00 -1.7817E-01 -1.7808E-01  0.0000E+00 -6.4172E-15
     26  2.6907E-04  1.0000E+00  1.4400E+04 -5.5660E-04 -1.6581E+00  2.4493E+00  2.4493E+00  1.4150E+00  1.4138E+00  0.0000E+00  9.0107E-01  8.0532E-12  3.0936E-04  3.0930E-04  0.0000E+00 -1.5519E-01 -1.5507E-01  0.0000E+00 -1.6043E-15
     27  3.0695E-04  1.0000E+00  1.4400E+04 -7.2384E-04 -1.6570E+00  3.1855E+00  3.1855E+00  1.4175E+00  1.4162E+00  0.0000E+00  9.0053E-01  1.3503E-11  4.4559E-04  4.4543E-04  0.0000E+00 -1.0389E-01 -1.0380E-01  0.0000E+00 -7.7007E-15
     28  3.5015E-04  1.0000E+00  1.4400E+04 -9.4117E-04 -1.6556E+00  4.1423E+00  4.1423E+00  1.3094E+00  1.3084E+00  0.0000E+00  8.9984E-01  2.2593E-11  6.1459E-04  6.1427E-04  0.0000E+00 -2.3757E-02 -2.3819E-02  0.0000E+00 -5.1338E-15
     29  3.9944E-04  1.0000E+00  1.4400E+04 -1.2235E-03 -1.6540E+00  5.3854E+00  5.3854E+00  1.0976E+00  1.0974E+00  0.0000E+00  8.9897E-01  3.7717E-11  8.0671E-04  8.0624E-04  0.0000E+00  7.2275E-02  7.1914E-02  0.0000E+00 -8.9841E-15
     30  4.5567E-04  1.0000E+00  1.4400E+04 -1.5902E-03 -1.6519E+00  7.0000E+00  7.0000E+00  8.4309E-01  8.4422E-01  0.0000E+00  8.9789E-01  6.2820E-11  1.0082E-03  1.0078E-03  0.0000E+00  1.5294E-01  1.5221E-01  0.0000E+00 -1.1551E-14
     31  5.1981E-04  1.0000E+00  1.4400E+04 -2.0662E-03 -1.6494E+00  9.0960E+00  9.0960E+00  6.5727E-01  6.5938E-01  0.0000E+00  8.9656E-01  1.0440E-10  1.2206E-03  1.2207E-03  0.0000E+00  1.7697E-01  1.7612E-01  0.0000E+00 -1.4760E-14
     32  5.9298E-04  1.0000E+00  1.4400E+04 -2.6839E-03 -1.6464E+00  1.1816E+01  1.1816E+01  6.3144E-01  6.3288E-01  0.0000E+00  8.9493E-01  1.7316E-10  1.4914E-03  1.4923E-03  0.0000E+00  1.2648E-01  1.2621E-01  0.0000E+00 -2.9519E-14
     33  6.7645E-04  1.0000E+00  1.4400E+04 -3.4848E-03 -1.6428E+00  1.5342E+01  1.5342E+01  7.1042E-01  7.0913E-01  0.0000E+00  8.9294E-01  2.8676E-10  1.9179E-03  1.9190E-03  0.0000E+00  5.1535E-02  5.2461E-02  0.0000E+00 -1.2834E-14
     34  7.7166E-04  1.0000E+00  1.4400E+04 -4.5226E-03 -1.6383E+00  1.9912E+01  1.9912E+01  6.6985E-01  6.6685E-01  0.0000E+00  8.9054E-01  4.7424E-10  2.5558E-03  2.5552E-03  0.0000E+00  5.3885E-02  5.5132E-02  0.0000E+00 -4.6204E-14
     35  8.8028E-04  1.0000E+00  1.4400E+04 -5.8663E-03 -1.6330E+00  2.5829E+01  2.5829E+01  4.1199E-01  4.1262E-01  0.0000E+00  8.8765E-01  7.8336E-10  3.3002E-03  3.2980E-03  0.0000E+00  1.4350E-01  1.4280E-01  0.0000E+00 -8.7274E-14
     36  1.0042E-03  1.0000E+00  1.4400E+04 -7.6042E-03 -1.6267E+00  3.3482E+01  3.3481E+01  2.5577E-01  2.5950E-01  0.0000E+00  8.8420E-01  1.2925E-09  4.0789E-03  4.0801E-03  0.0000E+00  1.5579E-01  1.5418E-01  0.0000E+00 -1.1038E-13
     37  1.1455E-03  1.0000E+00  1.4400E+04 -9.8495E-03 -1.6191E+00  4.3368E+01  4.3368E+01  3.3436E-01  3.3126E-01  0.0000E+00  8.8008E-01  2.1303E-09  5.2252E-03  5.2278E-03  0.0000E+00  7.1373E-02  7.3153E-02  0.0000E+00 -1.2834E-13
     38  1.3068E-03  1.0000E+00  1.4400E+04 -1.2746E-02 -1.6101E+00  5.6124E+01  5.6122E+01  1.5801E-01  1.5745E-01  0.0000E+00  8.7518E-01  3.5078E-09  6.8159E-03  6.8109E-03  0.0000E+00  1.2459E-01  1.2445E-01  0.0000E+00 -1.5401E-13
     39  1.4907E-03  1.0000E+00  1.4400E+04 -1.6478E-02 -1.5995E+00  7.2555E+01  7.2552E+01  6.9393E-02  7.2920E-02  0.0000E+00  8.6941E-01  5.7705E-09  8.5344E-03  8.5397E-03  0.0000E+00  1.1296E-01  1.1157E-01  0.0000E+00 -5.1338E-14
     40  1.7006E-03  1.0000E+00  1.4400E+04 -2.1276E-02 -1.5870E+00  9.3682E+01  9.3678E+01  5.3667E-02  4.8824E-02  0.0000E+00  8.6263E-01  9.4843E-09  1.1113E-02  1.1107E-02  0.0000E+00  8.8442E-02  9.0536E-02  0.0000E+00 -2.7722E-13
     41  1.9400E-03  1.0000E+00  1.4400E+04 -2.7432E-02 -1.5724E+00  1.2079E+02  1.2079E+02 -4.8517E-02 -4.4453E-02  0.0000E+00  8.5471E-01  1.5575E-08  1.4028E-02  1.4037E-02  0.0000E+00  9.3314E-02  9.1653E-02  0.0000E+00 -1.0268E-14
     42  2.2130E-03  1.0000E+00  1.4400E+04 -3.5315E-02 -1.5555E+00  1.5550E+02  1.5549E+02 -1.3062E-01 -1.2932E-01  0.0000E+00  8.4551E-01  2.5553E-08  1.8147E-02  1.8134E-02  0.0000E+00  1.0447E-01  1.0342E-01  0.0000E+00 -5.3391E-13
     43  2.5245E-03  1.0000E+00  1.4400E+04 -4.5379E-02 -1.5360E+00  1.9982E+02  1.9980E+02 -9.3950E-02 -1.0343E-01  0.0000E+00  8.3489E-01  4.1886E-08  2.3152E-02  2.3154E-02  0.0000E+00  5.2751E-02  5.7501E-02  0.0000E+00 -9.6515E-13
     44  2.8799E-03  1.0000E+00  1.4400E+04 -5.8190E-02 -1.5135E+00  2.5624E+02  2.5621E+02 -1.5075E-01 -1.5292E-01  0.0000E+00  8.2270E-01  6.8593E-08  2.9444E-02  2.9466E-02  0.0000E+00  5.0187E-02  5.1652E-02  0.0000E+00 -5.9552E-13
     45  3.2853E-03  1.0000E+00  1.4400E+04 -7.4444E-02 -1.4879E+00  3.2781E+02  3.2776E+02 -2.0824E-01 -2.0442E-01  0.0000E+00  8.0878E-01  1.1221E-07  3.7538E-02  3.7566E-02  0.0000E+00  5.3507E-02  5.1976E-02  0.0000E+00  4.5177E-13
     46  3.7477E-03  1.0000E+00  1.4400E+04 -9.4985E-02 -1.4589E+00  4.1827E+02  4.1818E+02 -2.2580E-01 -2.2544E-01  0.0000E+00  7.9299E-01  1.8332E-07  4.7818E-02  4.7857E-02  0.0000E+00  4.0886E-02  4.1090E-02  0.0000E+00 -8.6247E-13
     47  4.2752E-03  1.0000E+00  1.4400E+04 -1.2083E-01 -1.4261E+00  5.3208E+02  5.3194E+02 -2.3561E-01 -2.4990E-01  0.0000E+00  7.7517E-01  2.9905E-07  6.0880E-02  6.0897E-02  0.0000E+00  2.8599E-02  3.5862E-02  0.0000E+00 -1.6428E-13
     48  4.8770E-03  1.0000E+00  1.4400E+04 -1.5319E-01 -1.3893E+00  6.7457E+02  6.7434E+02 -3.2792E-01 -3.2234E-01  0.0000E+00  7.5518E-01  4.8689E-07  7.7084E-02  7.7025E-02  0.0000E+00  5.9548E-02  5.6409E-02  0.0000E+00 -6.5712E-13
     49  5.5635E-03  1.0000E+00  1.4400E+04 -1.9346E-01 -1.3483E+00  8.5193E+02  8.5154E+02 -2.7065E-01 -2.8258E-01  0.0000E+00  7.3288E-01  7.9076E-07  9.7113E-02  9.7174E-02  0.0000E+00  1.8151E-02  2.4387E-02  0.0000E+00 -2.3821E-12
     50  6.3467E-03  1.0000E+00  1.4400E+04 -2.4325E-01 -1.3027E+00  1.0712E+03  1.0706E+03 -3.1697E-01 -3.0281E-01  0.0000E+00  7.0811E-01  1.2801E-06  1.2186E-01  1.2193E-01  0.0000E+00  3.1574E-02  2.4764E-02  0.0000E+00  8.2140E-14
     51  7.2400E-03  1.0000E+00  1.4400E+04 -3.0432E-01 -1.2524E+00  1.3402E+03  1.3391E+03 -3.1589E-01 -3.0322E-01  0.0000E+00  6.8075E-01  2.0632E-06  1.5237E-01  1.5247E-01  0.0000E+00  2.4702E-02  1.8651E-02  0.0000E+00 -3.2856E-13
     52  8.2591E-03  1.0000E+00  1.4400E+04 -3.7851E-01 -1.1970E+00  1.6670E+03  1.6653E+03 -2.9127E-01 -3.1535E-01  0.0000E+00  6.5066E-01  3.3061E-06  1.8972E-01  1.8975E-01  0.0000E+00  9.3052E-03  2.1403E-02  0.0000E+00 -1.9714E-12
     53  9.4217E-03  1.0000E+00  1.4400E+04 -4.6764E-01 -1.1364E+00  2.0596E+03  2.0569E+03 -3.2201E-01 -3.0118E-01  0.0000E+00  6.1773E-01  5.2567E-06  2.3399E-01  2.3410E-01  0.0000E+00  2.2980E-02  1.2747E-02  0.0000E+00  1.6428E-13
     54  1.0748E-02  1.0000E+00  1.4400E+04 -5.7326E-01 -1.0705E+00  2.5250E+03  2.5206E+03 -3.1229E-01 -2.9159E-01  0.0000E+00  5.8190E-01  8.2722E-06  2.8677E-01  2.8691E-01  0.0000E+00  1.9403E-02  9.2292E-03  0.0000E+00 -5.9141E-12
     55  1.2261E-02  1.0000E+00  1.4400E+04 -6.9638E-01 -9.9930E-01  3.0675E+03  3.0606E+03 -2.7678E-01 -3.0294E-01  0.0000E+00  5.4319E-01  1.2838E-05  3.4867E-01  3.4859E-01  0.0000E+00  5.5346E-03  1.8545E-02  0.0000E+00 -7.2283E-12
     56  1.3987E-02  1.0000E+00  1.4400E+04 -8.3712E-01 -9.2310E-01  3.6879E+03  3.6772E+03 -2.4644E-01 -2.7531E-01  0.0000E+00  5.0177E-01  1.9560E-05  4.1888E-01  4.1895E-01  0.0000E+00  4.1176E-03  1.6223E-02  0.0000E+00  9.8568E-12
     57  1.5955E-02  1.0000E+00  1.4400E+04 -9.9449E-01 -8.4270E-01  4.3817E+03  4.3656E+03 -2.5105E-01 -2.4156E-01  0.0000E+00  4.5806E-01  2.9073E-05  4.9752E-01  4.9743E-01  0.0000E+00  1.9815E-02  6.7057E-03  0.0000E+00  1.3142E-12
     58  1.8201E-02  1.0000E+00  1.4400E+04 -1.1665E+00 -7.5957E-01  5.1404E+03  5.1168E+03 -2.4461E-01 -2.2354E-01  0.0000E+00  4.1288E-01  4.1803E-05  5.8327E-01  5.8347E-01  0.0000E+00  1.2530E-02  1.9590E-03  0.0000E+00 -5.2570E-12
     59  2.0763E-02  1.0000E+00  1.4400E+04 -1.3511E+00 -6.7607E-01  5.9550E+03  5.9218E+03 -2.2385E-01 -2.0617E-01  0.0000E+00  3.6749E-01  5.7478E-05  6.7578E-01  6.7567E-01  0.0000E+00  1.0823E-02  2.4422E-03  0.0000E+00  1.6428E-11
     60  2.3686E-02  1.0000E+00  1.4400E+04 -1.5488E+00 -5.9550E-01  6.8270E+03  6.7828E+03 -1.7600E-01 -1.9642E-01  0.0000E+00  3.2370E-01  7.4368E-05  7.7459E-01  7.7453E-01  0.0000E+00 -1.6873E-03  7.7334E-03  0.0000E+00  2.3656E-11
     61  2.7020E-02  1.0000E+00  1.4400E+04 -1.7660E+00 -5.2179E-01  7.7851E+03  7.7304E+03 -1.7251E-01 -1.6604E-01  0.0000E+00  2.8363E-01  8.8495E-05  8.8307E-01  8.8329E-01  0.0000E+00  6.1916E-03  2.4532E-03  0.0000E+00  2.6285E-12
     62  3.0824E-02  1.0000E+00  1.4400E+04 -2.0192E+00 -4.5846E-01  8.9014E+03  8.8397E+03 -1.5568E-01 -1.4855E-01  0.0000E+00  2.4920E-01  9.3725E-05  1.0099E+00  1.0097E+00  0.0000E+00  2.6216E-03 -5.8108E-04  0.0000E+00 -1.9714E-12
     63  3.5162E-02  1.0000E+00  1.4400E+04 -2.3326E+00 -4.0699E-01  1.0282E+04  1.0220E+04 -1.3715E-01 -1.3144E-01  0.0000E+00  2.2123E-01  8.4512E-05  1.1665E+00  1.1663E+00  0.0000E+00  5.2329E-04  5.5320E-04  0.0000E+00  2.1028E-11
     64  4.0112E-02  1.0000E+00  1.4400E+04 -2.7221E+00 -3.6496E-01  1.1995E+04  1.1941E+04 -1.1764E-01 -1.1738E-01  0.0000E+00  1.9838E-01  6.2944E-05  1.3612E+00  1.3613E+00  0.0000E+00  2.1452E-03  1.0016E-03  0.0000E+00  7.8855E-12
     65  4.5758E-02  1.0000E+00  1.4400E+04 -3.1632E+00 -3.2590E-01  1.3937E+04  1.3889E+04 -1.0388E-01 -9.9452E-02  0.0000E+00  1.7715E-01  4.7345E-05  1.5820E+00  1.5818E+00  0.0000E+00  1.2076E-03  8.0652E-04  0.0000E+00 -1.3142E-11
     66  5.2199E-02  1.0000E+00  1.4400E+04 -3.5750E+00 -2.8303E-01  1.5751E+04  1.5693E+04 -9.5300E-02 -9.1322E-02  0.0000E+00  1.5385E-01  6.8778E-05  1.7876E+00  1.7875E+00  0.0000E+00  6.5167E-04 -2.0039E-04  0.0000E+00  3.1542E-11
     67  5.9546E-02  1.0000E+00  1.4400E+04 -3.8855E+00 -2.3639E-01  1.7125E+04  1.7032E+04 -6.6183E-02 -8.2072E-02  0.0000E+00  1.2849E-01  1.3611E-04  1.9429E+00  1.9427E+00  0.0000E+00  4.4165E-03  8.8952E-04  0.0000E+00  0.0000E+00
     68  6.7928E-02  1.0000E+00  1.4400E+04 -4.1872E+00 -1.9575E-01  1.8458E+04  1.8333E+04 -7.0743E-02 -6.3436E-02  0.0000E+00  1.0640E-01  1.8942E-04  2.0937E+00  2.0936E+00  0.0000E+00  2.1504E-03 -5.1976E-04  0.0000E+00 -2.4971E-11
     69  7.7490E-02  1.0000E+00  1.4400E+04 -4.7164E+00 -1.6944E-01  2.0787E+04  2.0673E+04 -4.7071E-02 -5.4543E-02  0.0000E+00  9.2100E-02  1.4978E-04  2.3582E+00  2.3581E+00  0.0000E+00  2.1781E-04  8.0023E-05  0.0000E+00  5.2570E-12
     70  8.8398E-02  1.0000E+00  1.4400E+04 -5.3954E+00 -1.4895E-01  2.3773E+04  2.3683E+04 -4.7154E-02 -4.4958E-02  0.0000E+00  8.0963E-02  9.6406E-05  2.6975E+00  2.6976E+00  0.0000E+00 -2.3423E-03  4.2090E-04  0.0000E+00 -3.6799E-11
     71  1.0084E-01  1.0000E+00  1.4400E+04 -5.7791E+00 -1.2260E-01  2.5469E+04  2.5337E+04 -3.9180E-02 -4.0057E-02  0.0000E+00  6.6639E-02  1.8461E-04  2.8898E+00  2.8896E+00  0.0000E+00  1.7881E-03  1.5268E-03  0.0000E+00 -3.1542E-11
     72  1.1504E-01  1.0000E+00  1.4400E+04 -6.1833E+00 -1.0080E-01  2.7254E+04  2.7092E+04 -3.2566E-02 -2.8599E-02  0.0000E+00  5.4790E-02  2.2631E-04  3.0917E+00  3.0916E+00  0.0000E+00  6.4099E-04  2.6593E-04  0.0000E+00  4.2056E-11
     73  1.3123E-01  1.0000E+00  1.4400E+04 -6.9628E+00 -8.7221E-02  3.0681E+04  3.0551E+04 -3.1432E-02 -2.6281E-02  0.0000E+00  4.7411E-02  1.5451E-04  3.4812E+00  3.4815E+00  0.0000E+00  1.6910E-04 -1.4252E-04  0.0000E+00 -3.1542E-11
     74  1.4970E-01  1.0000E+00  1.4400E+04 -7.3463E+00 -7.0716E-02  3.2378E+04  3.2197E+04 -2.5515E-02 -2.4986E-02  0.0000E+00  3.8439E-02  2.5274E-04  3.6735E+00  3.6734E+00  0.0000E+00 -2.7871E-04  5.3399E-04  0.0000E+00  2.6285E-12
     75  1.7077E-01  1.0000E+00  1.4400E+04 -8.0575E+00 -5.9601E-02  3.5507E+04  3.5340E+04 -1.7682E-02 -2.1845E-02  0.0000E+00  3.2397E-02  2.0918E-04  4.0288E+00  4.0287E+00  0.0000E+00 -3.0703E-05  4.8102E-04  0.0000E+00  2.8913E-11
     76  1.9481E-01  1.0000E+00  1.4400E+04 -8.5596E+00 -4.8654E-02  3.7724E+04  3.7523E+04 -1.6110E-02 -1.5891E-02  0.0000E+00  2.6447E-02  2.7260E-04  4.2798E+00  4.2796E+00  0.0000E+00  3.4650E-05  4.1468E-04  0.0000E+00  3.9427E-11
     77  2.2223E-01  1.0000E+00  1.4400E+04 -9.2594E+00 -4.0445E-02  4.0805E+04  4.0606E+04 -1.3071E-02 -1.4674E-02  0.0000E+00  2.1985E-02  2.5736E-04  4.6298E+00  4.6297E+00  0.0000E+00  2.5974E-04  5.4486E-04  0.0000E+00 -2.6285E-11
     78  2.5351E-01  1.0000E+00  1.4400E+04 -9.8563E+00 -3.3083E-02  4.3437E+04  4.3218E+04 -1.0670E-02 -1.1307E-02  0.0000E+00  1.7983E-02  2.8489E-04  4.9282E+00  4.9284E+00  0.0000E+00  8.4768E-06  1.4340E-04  0.0000E+00 -1.5245E-10
     79  2.8920E-01  1.0000E+00  1.4400E+04 -1.0488E+01 -2.7052E-02  4.6222E+04  4.5987E+04 -8.5333E-03 -8.9936E-03  0.0000E+00  1.4705E-02  3.0901E-04  5.2441E+00  5.2442E+00  0.0000E+00  1.0070E-04 -3.1566E-04  0.0000E+00 -9.9883E-11
     80  3.2990E-01  1.0000E+00  1.4400E+04 -1.1149E+01 -2.2097E-02  4.9133E+04  4.8884E+04 -7.2735E-03 -7.5277E-03  0.0000E+00  1.2011E-02  3.2627E-04  5.5744E+00  5.5744E+00  0.0000E+00  1.1153E-04  2.4724E-04  0.0000E+00  7.8855E-11
     81  3.7634E-01  1.0000E+00  1.4400E+04 -1.1817E+01 -1.7998E-02  5.2078E+04  5.1815E+04 -6.0769E-03 -6.0384E-03  0.0000E+00  9.7833E-03  3.4415E-04  5.9085E+00  5.9084E+00  0.0000E+00  7.4861E-05  1.1911E-04  0.0000E+00  1.5245E-10
     82  4.2932E-01  1.0000E+00  1.4400E+04 -1.2494E+01 -1.4622E-02  5.5059E+04  5.4782E+04 -4.8467E-03 -5.0906E-03  0.0000E+00  7.9482E-03  3.6294E-04  6.2468E+00  6.2470E+00  0.0000E+00  6.8825E-05 -1.3769E-04  0.0000E+00 -7.3598E-11
     83  4.8975E-01  1.0000E+00  1.4400E+04 -1.3178E+01 -1.1852E-02  5.8074E+04  5.7782E+04 -3.9253E-03 -3.8394E-03  0.0000E+00  6.4422E-03  3.8258E-04  6.5889E+00  6.5888E+00  0.0000E+00  5.0402E-05  2.7131E-04  0.0000E+00  2.6285E-11
     84  5.5869E-01  1.0000E+00  1.4400E+04 -1.3870E+01 -9.5855E-03  6.1123E+04  6.0815E+04 -3.1757E-03 -3.5235E-03  0.0000E+00  5.2104E-03  4.0266E-04  6.9348E+00  6.9346E+00  0.0000E+00  4.1228E-05  1.5253E-04  0.0000E+00 -2.7862E-10
     85  6.3733E-01  1.0000E+00  1.4400E+04 -1.4568E+01 -7.7371E-03  6.4203E+04  6.3880E+04 -2.5728E-03 -1.8519E-03  0.0000E+00  4.2056E-03  4.2297E-04  7.2842E+00  7.2841E+00  0.0000E+00  3.0969E-05  1.2267E-05  0.0000E+00  1.4194E-10
     86  7.2704E-01  1.0000E+00  1.4400E+04 -1.5274E+01 -6.2335E-03  6.7314E+04  6.6975E+04 -2.0650E-03 -2.3304E-03  0.0000E+00  3.3884E-03  4.4361E-04  7.6372E+00  7.6372E+00  0.0000E+00  2.6907E-05  1.7891E-04  0.0000E+00  5.2570E-11
     87  8.2938E-01  1.0000E+00  1.4400E+04 -1.5986E+01 -5.0133E-03  7.0451E+04  7.0096E+04 -1.6596E-03 -1.4687E-03  0.0000E+00  2.7251E-03  4.6456E-04  7.9931E+00  7.9931E+00  0.0000E+00  2.1932E-05 -1.0200E-04  0.0000E+00 -7.3598E-11
     88  9.4612E-01  1.0000E+00  1.4400E+04 -1.6703E+01 -4.0253E-03  7.3611E+04  7.3241E+04 -1.3378E-03 -1.8740E-03  0.0000E+00  2.1880E-03  4.8587E-04  8.3517E+00  8.3516E+00  0.0000E+00  1.6299E-05  5.4571E-05  0.0000E+00  5.7827E-11
     89  1.0793E+00  1.0000E+00  1.4400E+04 -1.7426E+01 -3.2269E-03  7.6794E+04  7.6408E+04 -1.0724E-03 -9.7434E-04  0.0000E+00  1.7541E-03  5.0759E-04  8.7128E+00  8.7126E+00  0.0000E+00  1.3079E-05 -1.9894E-05  0.0000E+00 -2.6811E-10
     90  1.2312E+00  1.0000E+00  1.4400E+04 -1.8152E+01 -2.5831E-03  7.9997E+04  7.9595E+04 -8.5813E-04 -5.8869E-04  0.0000E+00  1.4041E-03  5.2981E-04  9.0762E+00  9.0761E+00  0.0000E+00  1.0558E-05 -1.5459E-05  0.0000E+00 -7.3598E-11
     91  1.4045E+00  1.0000E+00  1.4400E+04 -1.8883E+01 -2.0649E-03  8.3219E+04  8.2801E+04 -6.8606E-04 -5.2981E-04  0.0000E+00  1.1224E-03  5.5263E-04  9.4417E+00  9.4418E+00  0.0000E+00  8.4160E-06 -2.8581E-05  0.0000E+00  6.3084E-11
     92  1.6022E+00  1.0000E+00  1.4400E+04 -1.9618E+01 -1.6485E-03  8.6458E+04  8.6024E+04 -5.4748E-04 -6.8023E-04  0.0000E+00  8.9609E-04  5.7620E-04  9.8092E+00  9.8094E+00  0.0000E+00  6.7795E-06  4.2481E-06  0.0000E+00 -1.8925E-10
     93  1.8278E+00  1.0000E+00  1.4400E+04 -2.0357E+01 -1.3145E-03  8.9715E+04  8.9263E+04 -4.3595E-04 -2.6825E-04  0.0000E+00  7.1453E-04  6.0075E-04  1.0179E+01  1.0179E+01  0.0000E+00  5.5542E-06 -4.1056E-06  0.0000E+00  3.7850E-10
     94  2.0850E+00  1.0000E+00  1.4400E+04 -2.1100E+01 -1.0470E-03  9.2987E+04  9.2519E+04 -3.4736E-04 -4.3482E-04  0.0000E+00  5.6910E-04  6.2656E-04  1.0550E+01  1.0550E+01  0.0000E+00  4.3888E-06 -1.9893E-05  0.0000E+00 -1.0514E-10
     95  2.3785E+00  1.0000E+00  1.4400E+04 -2.1845E+01 -8.3295E-04  9.6271E+04  9.5786E+04 -2.7656E-04 -3.5143E-04  0.0000E+00  4.5276E-04  6.5399E-04  1.0922E+01  1.0923E+01  0.0000E+00  3.4410E-06  2.1188E-05  0.0000E+00  4.7313E-10
     96  2.7133E+00  1.0000E+00  1.4400E+04 -2.2592E+01 -6.6196E-04  9.9563E+04  9.9062E+04 -2.1972E-04 -1.9010E-04  0.0000E+00  3.5982E-04  6.8355E-04  1.1296E+01  1.1296E+01  0.0000E+00  2.7520E-06  1.4680E-05  0.0000E+00 -1.6822E-10
     97  3.0953E+00  1.0000E+00  1.4400E+04 -2.3341E+01 -5.2553E-04  1.0286E+05  1.0234E+05 -1.7440E-04 -1.8627E-04  0.0000E+00  2.8566E-04  7.1591E-04  1.1670E+01  1.1670E+01  0.0000E+00  2.1934E-06 -3.9053E-05  0.0000E+00 -5.9930E-10
     98  3.5310E+00  1.0000E+00  1.4400E+04 -2.4092E+01 -4.1684E-04  1.0617E+05  1.0564E+05 -1.3840E-04 -3.4589E-04  0.0000E+00  2.2658E-04  7.5204E-04  1.2046E+01  1.2046E+01  0.0000E+00  1.7220E-06  6.8341E-06  0.0000E+00 -1.2617E-10
     99  4.0280E+00  1.0000E+00  1.4400E+04 -2.4847E+01 -3.3035E-04  1.0950E+05  1.0895E+05 -1.0968E-04 -1.0334E-04  0.0000E+00  1.7957E-04  7.9322E-04  1.2423E+01  1.2423E+01  0.0000E+00  1.3668E-06  2.4910E-05  0.0000E+00  5.7827E-10
    100  4.5950E+00  1.0000E+00  1.4400E+04 -2.5602E+01 -2.6157E-04  1.1283E+05  1.1226E+05 -8.6832E-05  1.2770E-05  0.0000E+00  1.4218E-04  8.4097E-04  1.2801E+01  1.2801E+01  0.0000E+00  1.0845E-06 -3.8029E-06  0.0000E+00  4.7313E-10
    101  5.2418E+00  1.0000E+00  1.4400E+04 -2.6357E+01 -2.0693E-04  1.1616E+05  1.1557E+05 -6.8695E-05 -1.0644E-04  0.0000E+00  1.1248E-04  8.9753E-04  1.3179E+01  1.3179E+01  0.0000E+00  8.5790E-07  2.1315E-05  0.0000E+00 -2.1028E-10
    102  5.9796E+00  1.0000E+00  1.4400E+04 -2.7117E+01 -1.6360E-04  1.1951E+05  1.1890E+05 -5.4310E-05 -4.9504E-05  0.0000E+00  8.8928E-05  9.6591E-04  1.3559E+01  1.3559E+01  0.0000E+00  6.7823E-07  1.8243E-05  0.0000E+00  3.0490E-10
    103  6.8213E+00  1.0000E+00  1.4400E+04 -2.7875E+01 -1.2923E-04  1.2284E+05  1.2222E+05 -4.2900E-05 -9.7815E-05  0.0000E+00  7.0245E-05  1.0498E-03  1.3937E+01  1.3937E+01  0.0000E+00  5.3585E-07  4.6343E-06  0.0000E+00 -5.9930E-10
    104  7.7815E+00  1.0000E+00  1.4400E+04 -2.8637E+01 -1.0202E-04  1.2620E+05  1.2556E+05 -3.3867E-05  5.8009E-05  0.0000E+00  5.5454E-05  1.1546E-03  1.4318E+01  1.4318E+01  0.0000E+00  4.2308E-07 -3.3289E-06  0.0000E+00  3.8902E-10
    105  8.8768E+00  1.0000E+00  1.4400E+04 -2.9396E+01 -8.0476E-05  1.2955E+05  1.2889E+05 -2.6715E-05 -2.7971E-05  0.0000E+00  4.3744E-05  1.2870E-03  1.4698E+01  1.4698E+01  0.0000E+00  3.3374E-07  6.3950E-06  0.0000E+00 -5.7827E-10
    106  1.0126E+01  1.0000E+00  1.4400E+04 -3.0158E+01 -6.3443E-05  1.3291E+05  1.3223E+05 -2.1061E-05 -3.4445E-05  0.0000E+00  3.4486E-05  1.4561E-03  1.5079E+01  1.5079E+01  0.0000E+00  2.6311E-07 -1.0295E-05  0.0000E+00  8.7266E-10
    107  1.1552E+01  1.0000E+00  1.4400E+04 -3.0921E+01 -4.9986E-05  1.3627E+05  1.3557E+05 -1.6594E-05  2.4383E-05  0.0000E+00  2.7171E-05  1.6742E-03  1.5461E+01  1.5460E+01  0.0000E+00  2.0730E-07  3.8181E-06  0.0000E+00 -1.8925E-10
    108  1.3178E+01  1.0000E+00  1.4400E+04 -3.1684E+01 -3.9359E-05  1.3963E+05  1.3890E+05 -1.3066E-05  1.1509E-05  0.0000E+00  2.1394E-05  1.9571E-03  1.5842E+01  1.5842E+01  0.0000E+00  1.6325E-07  1.1276E-05  0.0000E+00  1.1250E-09
    109  1.5033E+01  1.0000E+00  1.4400E+04 -3.2446E+01 -3.0972E-05  1.4299E+05  1.4224E+05 -1.0282E-05 -1.1769E-05  0.0000E+00  1.6836E-05  2.3262E-03  1.6223E+01  1.6223E+01  0.0000E+00  1.2847E-07  4.4949E-06  0.0000E+00  1.0093E-09
    110  1.7149E+01  1.0000E+00  1.4400E+04 -3.3207E+01 -2.4359E-05  1.4635E+05  1.4556E+05 -8.0865E-06 -5.5969E-05  0.0000E+00  1.3241E-05  2.8095E-03  1.6604E+01  1.6604E+01  0.0000E+00  1.0105E-07 -4.6290E-06  0.0000E+00  7.7803E-10
    111  1.9563E+01  1.0000E+00  1.4400E+04 -3.3969E+01 -1.9148E-05  1.4971E+05  1.4889E+05 -6.3567E-06 -1.3595E-05  0.0000E+00  1.0408E-05  3.4446E-03  1.6985E+01  1.6984E+01  0.0000E+00  7.9439E-08 -2.7801E-08  0.0000E+00 -2.4813E-09
    112  2.2316E+01  1.0000E+00  1.4400E+04 -3.4728E+01 -1.5043E-05  1.5306E+05  1.5220E+05 -4.9940E-06 -2.3600E-05  0.0000E+00  8.1768E-06  4.2804E-03  1.7364E+01  1.7364E+01  0.0000E+00  6.2421E-08 -5.8994E-06  0.0000E+00  1.4720E-10
    113  2.5458E+01  1.0000E+00  1.4400E+04 -3.5487E+01 -1.1812E-05  1.5641E+05  1.5550E+05 -3.9215E-06 -6.2907E-06  0.0000E+00  6.4207E-06  5.3824E-03  1.7744E+01  1.7744E+01  0.0000E+00  4.9026E-08  1.0675E-06  0.0000E+00 -2.6285E-10
    114  2.9041E+01  1.0000E+00  1.4400E+04 -3.6243E+01 -9.2699E-06  1.5974E+05  1.5878E+05 -3.0777E-06 -1.1227E-05  0.0000E+00  5.0389E-06  6.8363E-03  1.8121E+01  1.8121E+01  0.0000E+00  3.8486E-08 -2.5182E-06  0.0000E+00  2.9439E-10
    115  3.3129E+01  1.0000E+00  1.4400E+04 -3.6993E+01 -7.2710E-06  1.6306E+05  1.6203E+05 -2.4141E-06  6.0039E-06  0.0000E+00  3.9523E-06  8.7553E-03  1.8497E+01  1.8497E+01  0.0000E+00  3.0197E-08  1.7710E-06  0.0000E+00  1.3248E-09
    116  3.7792E+01  1.0000E+00  1.4400E+04 -3.7741E+01 -5.7001E-06  1.6636E+05  1.6524E+05 -1.8927E-06  4.0373E-07  0.0000E+00  3.0985E-06  1.1289E-02  1.8870E+01  1.8870E+01  0.0000E+00  2.3684E-08  1.2972E-06  0.0000E+00 -1.8925E-10
    117  4.3112E+01  1.0000E+00  1.4400E+04 -3.8480E+01 -4.4660E-06  1.6963E+05  1.6841E+05 -1.4830E-06 -1.4634E-05  0.0000E+00  2.4277E-06  1.4632E-02  1.9240E+01  1.9240E+01  0.0000E+00  1.8567E-08 -2.9677E-06  0.0000E+00  2.4813E-09
    118  4.9180E+01  1.0000E+00  1.4400E+04 -3.9211E+01 -3.4970E-06  1.7287E+05  1.7151E+05 -1.1613E-06 -2.2959E-06  0.0000E+00  1.9010E-06  1.9041E-02  1.9606E+01  1.9606E+01  0.0000E+00  1.4551E-08 -3.9389E-07  0.0000E+00 -2.5444E-09
    119  5.6103E+01  1.0000E+00  1.4400E+04 -3.9930E+01 -2.7365E-06  1.7606E+05  1.7452E+05 -9.0886E-07 -3.1115E-06  0.0000E+00  1.4875E-06  2.4849E-02  1.9965E+01  1.9965E+01  0.0000E+00  1.1397E-08  2.0947E-07  0.0000E+00  1.8715E-09
    120  6.4000E+01  1.0000E+00  1.4400E+04 -4.0632E+01 -2.1397E-06  1.7918E+05  1.7741E+05 -7.1078E-07 -3.7354E-06  0.0000E+00  1.1632E-06  3.2489E-02  2.0316E+01  2.0316E+01  0.0000E+00  8.9232E-09 -6.4209E-07  0.0000E+00 -8.8317E-10
